19790101
1.173
67.102
0.522
0.000
0.093
1.686
7.809
11.687
0.017
0.000
0.021
15.483
13.537
3.933
0.000
0.000
0.000
0.055
0.120
4.841
25.063
0.299
1.128
7.978
0.194
0.000
0.127
1.514
0.000
0.000
4.971
0.000
0.000
0.141
0.129
0.000
1.530
23.591
0.024
3.478
0.000
0.010
0.324
0.399
0.117
0.618
4.831
0.364
27.880
5.752
0.000
6.619
3.925
21.895
14.064
24.809
3.626
0.007
0.000
0.082
0.216
0.769
0.079
7.742
26.343
0.206
14.720
0.010
0.000
9.826
0.000
0.000
4.947
0.000
0.000
0.000
0.000
0.477
1.744
0.010
0.000
1.277
36.437
0.254
0.014
0.158
0.330
0.000
0.000
0.275
7.265
0.000
17.595
31.469
0.584
0.000
0.000
0.000
9.647
0.000
0.000
1.859
14.591
2.252
0.055
0.000
0.000
0.000
0.000
0.000
0.000
4.226
6.355
8.889
0.055
9.647
7.217
3.358
0.106
0.000
0.000
0.000
0.676
2.146
17.068
0.206
0.000
3.394
0.000
31.572
7.399
18.948
10.303
30.666
1.459
0.697
0.000
5.109
5.249
0.656
0.271
11.862
18.028
26.934
2.087
0.017
0.000
8.353
10.011
0.403
14.473
13.194
6.291
5.412
19.691
0.000
0.954
0.055
0.000
0.079
12.440
6.456
0.000
0.000
0.000
0.000
14.334
1.016
0.024
0.000
0.000
0.024
1.397
0.798
20.190
0.745
0.027
0.297
0.017
0.000
1.051
13.922
0.000
0.000
4.473
4.116
0.000
0.000
0.000
0.021
86.181
0.031
1.042
3.133
0.065
13.148
0.745
0.093
8.204
11.848
18.059
24.050
10.703
18.198
7.754
6.269
11.354
5.936
13.249
7.099
0.712
6.248
3.040
8.138
15.903
0.175
0.017
0.000
0.003
0.000
0.000
0.000
0.321
15.759
0.034
0.000
0.000
0.000
0.000
0.000
4.446
6.393
58.466
19.933
1.583
1.823
7.381
0.017
1.102
10.356
12.962
6.836
12.662
19.324
10.277
3.814
43.575
53.399
11.488
0.553
0.000
0.021
0.354
0.309
5.888
5.055
15.747
0.064
0.000
1.240
0.603
0.000
0.045
8.453
7.090
4.324
7.967
3.097
1.176
5.076
8.477
9.242
13.747
1.665
2.228
1.370
0.000
5.322
0.000
0.000
0.000
0.048
0.635
0.000
0.000
2.606
1.902
0.000
0.000
0.000
0.000
2.041
4.389
0.000
0.000
7.323
1.878
0.000
0.000
0.000
0.000
0.000
0.017
0.189
0.815
1.564
45.955
0.000
0.051
0.172
0.000
0.000
0.064
1.033
11.724
7.417
7.189
0.706
0.000
0.017
0.000
0.000
0.000
0.000
0.000
0.086
0.000
0.000
6.422
19.121
0.000
0.987
0.297
0.024
0.000
0.000
0.000
0.000
0.000
9.685
1.131
0.000
0.000
0.000
0.000
0.000
8.217
5.400
0.621
24.290
1.902
0.000
0.000
0.034
0.350
0.635
0.822
0.469
6.434
0.048
0.000
0.000
0.000
1.246
0.304
2.403
0.347
0.000
3.540
3.653
0.076
0.089
7.998
4.999
0.415
4.449
1.308
3.131
25.919
11.373
0.218
0.000
8.442
0.326
0.000
0.000
7.924
11.038
0.007
0.000
0.759
14.131
0.062
0.213
0.158
30.367
0.086
0.000
0.000
0.048
0.000
13.396
0.079
0.000
8.252
27.674
0.000
0.000
0.000
0.000
0.000
4.530
0.100
0.000
0.111
0.038
0.239
6.212
3.532
2.503
3.725
4.501
0.000
1.717
2.398
15.285
38.627
8.427
0.021
4.600
1.451
0.579
9.330
1.415
0.918
0.249
6.825
14.660
0.215
0.000
0.000
3.795
21.135
0.010
7.917
9.865
0.000
0.000
14.105
3.471
3.430
0.618
5.756
26.551
8.381
0.575
0.000
0.000
0.766
7.430
0.000
0.000
1.662
0.242
1.030
0.000
0.000
0.745
13.046
10.873
0.137
0.007
0.000
0.000
0.000
0.000
12.236
0.000
0.900
1.123
5.891
5.613
7.491
1.905
9.012
0.865
0.058
5.334
0.343
0.000
0.000
0.000
0.021
1.782
0.221
0.000
0.000
0.000
0.000
3.675
1.171
0.000
0.021
20.013
4.386
31.586
2.323
0.000
23.427
3.742
14.023
1.214
0.000
0.000
0.299
4.000
0.000
0.000
0.000
0.000
0.000
0.000
0.000
4.465
0.264
0.000
0.000
3.184
0.014
0.000
0.000
0.000
1.402
1.164
7.934
0.172
3.021
0.000
0.000
0.000
0.000
6.012
30.345
0.683
0.000
0.000
0.010
0.000
0.027
2.379
9.934
0.148
0.257
0.000
0.000
0.000
6.533
0.434
0.000
0.349
0.000
0.000
2.750
2.196
0.295
5.259
0.316
0.491
0.024
17.846
3.493
0.165
0.000
3.239
10.540
6.640
0.000
0.000
0.014
0.000
0.048
0.000
1.167
0.742
2.403
0.000
0.086
0.306
0.051
8.641
2.503
0.010
0.069
6.087
0.000
0.137
31.702
10.780
0.000
0.000
0.000
0.000
0.000
0.000
0.000
0.000
0.000
0.000
7.581
9.651
0.711
23.954
25.687
10.011
3.097
4.594
0.072
0.000
0.608
0.172
0.000
3.286
3.655
0.024
2.024
5.074
29.213
6.341
0.000
6.611
2.808
16.376
9.012
17.161
5.150
0.000
0.086
16.813
9.101
2.345
0.278
5.256
0.388
0.100
1.030
0.000
0.000
0.000
0.000
0.010
0.003
0.000
0.000
0.000
0.000
1.456
0.251
16.569
0.048
0.000
0.000
0.343
4.413
6.403
0.000
0.000
0.100
2.729
18.563
1.239
0.000
0.000
0.000
20.074
0.060
0.000
0.000
0.000
0.000
0.000
0.000
0.000
0.000
0.000
0.137
1.717
4.254
8.786
0.007
0.000
7.001
0.000
0.021
28.273
0.701
0.000
8.216
0.393
0.000
0.000
0.000
0.000
0.000
0.000
0.000
0.088
0.000
0.000
0.000
21.928
0.014
0.000
0.000
0.000
0.000
7.749
0.100
0.000
0.436
1.748
0.000
0.160
2.259
1.723
1.157
0.017
25.035
15.733
5.158
2.012
0.103
0.340
0.707
0.000
0.000
0.000
0.352
4.171
0.000
0.000
0.000
0.000
0.000
0.000
0.000
0.038
0.000
0.000
0.000
0.000
0.017
20.126
0.192
0.000
0.000
0.000
0.000
2.623
5.644
0.000
10.955
0.000
1.514
6.743
0.000
0.000
0.000
2.105
2.273
1.493
0.000
0.676
3.610
0.069
0.027
0.045
0.000
0.065
0.014
0.714
3.852
10.782
0.508
0.913
1.559
0.230
0.000
0.000
0.000
0.000
0.903
4.092
0.000
14.025
25.032
0.191
0.000
0.000
0.000
0.000
0.572
0.000
0.000
0.101
0.000
7.552
0.000
6.932
6.036
0.014
0.000
7.584
17.634
0.105
0.000
1.468
1.160
0.227
0.000
17.314
0.000
13.276
0.000
0.000
0.000
4.384
12.497
0.000
0.000
3.136
0.024
0.161
0.433
1.267
0.700
0.426
0.000
0.000
0.405
0.000
2.365
0.000
0.000
0.350
4.439
0.000
0.000
0.000
0.000
0.000
6.654
0.283
0.000
0.000
0.000
0.000
0.769
16.910
1.996
1.269
12.068
12.186
0.000
0.000
0.000
0.000
0.000
0.000
0.493
2.388
9.037
7.466
0.000
0.000
0.000
0.000
0.000
3.677
45.741
2.396
0.000
4.865
21.078
26.862
9.802
12.895
2.482
28.843
3.272
6.650
0.048
0.000
1.298
2.711
0.484
3.868
0.000
0.000
26.281
17.073
19.614
5.922
0.000
0.000
0.076
0.000
0.000
5.116
0.000
0.000
0.000
0.000
4.460
3.818
26.285
17.293
7.131
12.669
0.264
0.000
0.000
0.000
8.942
2.254
4.058
1.919
1.116
13.290
9.005
0.196
0.522
0.680
7.478
0.529
0.367
9.428
3.948
7.054
4.573
4.899
20.050
19.254
3.189
12.820
0.000
12.765
7.711
1.687
14.739
2.290
14.523
24.232
7.560
33.088
19.681
0.144
0.000
0.000
11.798
5.620
0.024
48.350
11.378
0.199
51.238
0.189
0.929
0.415
0.141
0.000
0.000
1.837
0.803
0.000
4.515
0.024
0.021
0.000
3.009
3.670
6.856
16.565
1.284
0.000
0.000
0.000
0.000
0.000
0.124
11.364
0.879
1.160
0.251
0.000
0.000
0.000
0.000
0.000
0.000
0.000
0.000
0.000
0.000
0.000
0.000
10.900
0.000
0.000
0.000
0.625
1.195
0.000
0.000
0.000
0.014
0.069
0.110
0.041
0.017
0.000
0.000
7.162
2.019
0.000
0.000
0.282
1.363
1.954
5.497
0.597
7.143
0.000
1.027
0.113
0.707
0.203
0.120
0.000
0.000
6.152
5.878
0.000
0.000
0.000
4.202
0.045
0.000
0.000
0.237
0.000
0.175
1.246
0.000
0.000
0.237
0.000
0.000
0.000
6.097
0.103
0.000
0.113
3.945
0.000
0.093
1.765
25.121
0.065
0.817
0.017
0.000
0.000
0.000
0.000
0.000
0.000
0.000
0.000
7.072
36.336
0.336
0.000
17.221
0.302
0.000
0.003
2.101
0.110
3.032
22.941
4.899
0.649
0.055
4.885
0.000
17.410
2.977
0.000
19.494
7.419
0.000
0.000
5.967
1.796
0.000
0.000
0.000
0.000
6.561
10.973
0.117
0.082
0.144
0.000
14.581
0.783
9.421
0.625
6.969
0.769
0.027
0.385
0.000
0.000
0.000
0.089
0.280
11.307
4.276
2.178
0.795
2.182
1.291
0.481
0.000
1.876
3.382
0.366
6.477
11.374
0.007
1.974
4.662
8.006
0.807
2.547
0.000
2.728
1.530
0.000
0.000
0.333
0.058
19.460
1.875
0.450
0.082
0.294
1.128
6.218
15.922
37.529
0.007
0.000
0.000
1.330
0.185
4.104
0.759
12.823
1.121
0.379
0.209
0.683
3.670
18.042
0.500
0.189
0.446
0.182
0.422
0.000
0.000
0.000
0.000
0.637
0.149
0.000
7.883
0.000
2.728
0.848
0.000
6.056
14.361
0.000
0.000
0.136
0.000
1.514
0.692
0.793
6.164
16.474
0.000
11.972
4.276
6.708
0.133
0.000
0.167
9.965
10.348
5.600
0.000
0.000
0.000
5.321
9.555
0.240
0.000
0.000
3.543
11.649
0.158
0.000
0.000
0.000
0.000
15.872
0.103
0.158
12.380
4.885
3.577
0.433
15.946
6.187
12.967
14.505
16.425
5.527
10.272
7.512
4.182
9.194
12.073
7.959
0.000
8.992
19.163
14.317
0.501
0.280
0.000
11.278
27.859
10.202
0.138
6.497
0.419
0.118
14.741
13.973
35.074
23.911
5.733
1.902
24.846
0.000
1.456
0.197
4.524
0.000
10.621
10.846
2.782
1.245
0.000
4.544
6.157
20.611
13.175
6.626
4.393
6.213
20.611
22.297
23.792
36.361
28.005
24.323
2.707
7.218
16.244
16.936
10.238
0.669
0.021
15.091
9.307
5.181
0.021
0.000
3.837
78.726
16.283
32.816
37.398
0.000
1.864
0.000
0.975
0.391
9.239
17.664
18.235
6.727
12.037
35.942
0.287
0.845
3.025
4.292
4.089
4.151
0.191
0.000
1.495
0.027
6.171
6.650
9.440
0.180
0.000
5.399
0.000
0.000
0.000
0.000
6.362
15.836
1.734
0.000
0.000
0.000
0.397
0.055
0.000
0.000
0.539
0.000
0.000
0.000
6.192
0.115
0.000
17.904
48.151
23.833
0.474
0.096
0.000
0.570
70.529
0.376
0.410
0.070
0.400
0.021
0.000
0.000
0.000
0.000
0.014
0.000
0.010
0.151
1.699
0.239
0.474
5.249
5.531
0.000
0.000
0.000
0.000
0.010
2.659
5.637
9.024
0.024
34.684
20.120
0.367
0.000
0.000
0.000
0.000
0.000
4.087
0.007
0.000
15.882
1.566
0.000
0.000
0.000
0.003
0.000
0.000
0.034
5.788
0.127
7.407
0.000
0.211
0.649
0.312
0.039
0.288
0.268
0.192
0.657
0.000
0.360
2.091
2.716
7.515
0.041
0.028
0.031
0.573
0.058
0.021
9.634
0.000
0.038
0.021
0.000
10.679
29.841
0.000
0.000
0.566
27.826
0.636
0.031
1.361
0.718
0.158
0.000
0.058
0.306
0.000
0.000
0.507
0.021
20.152
10.054
13.589
0.227
28.489
4.479
0.721
1.078
0.518
0.106
0.079
2.956
1.876
1.233
9.359
0.000
0.000
1.301
0.000
0.000
0.051
0.000
0.000
3.215
8.075
1.988
0.312
0.000
0.003
24.218
12.459
0.000
2.064
0.185
1.226
38.605
0.433
0.230
0.000
28.431
0.184
0.000
0.000
2.692
19.975
0.039
2.520
29.735
0.058
0.344
5.255
0.224
0.027
0.000
0.000
0.003
9.682
5.234
5.943
0.754
0.000
8.895
17.094
0.100
0.000
0.000
0.000
5.994
24.846
25.063
11.457
0.360
1.746
0.223
0.000
0.000
0.000
4.024
49.878
16.756
0.501
0.000
24.014
0.323
0.000
19.436
9.603
0.000
19.226
0.721
0.045
1.191
18.915
0.000
20.675
8.662
0.000
0.000
3.869
10.375
14.099
8.072
10.348
0.076
0.021
0.000
0.072
16.685
42.593
1.868
16.294
1.135
0.000
0.000
0.000
4.395
13.448
0.347
0.000
0.000
0.000
0.000
0.000
0.000
0.017
0.000
14.735
0.000
0.000
0.000
1.277
1.318
0.000
0.000
6.331
0.299
18.224
5.428
5.527
0.209
0.000
2.867
19.964
6.884
0.182
18.218
2.228
0.000
16.363
4.288
0.000
3.914
7.900
8.212
0.831
0.000
0.000
12.445
8.830
17.942
32.763
11.714
0.175
0.851
0.000
0.000
0.000
13.898
0.017
0.769
7.701
1.459
9.404
14.097
21.883
10.540
0.113
0.014
6.616
0.007
3.014
4.099
16.522
4.552
16.081
18.158
6.839
19.557
18.656
9.725
0.299
0.000
0.000
0.103
0.000
0.000
0.000
0.000
4.219
0.000
0.000
0.941
22.735
15.522
6.516
0.007
0.951
0.014
0.045
0.256
0.000
0.000
0.003
10.159
2.846
7.043
11.287
9.725
7.780
1.138
4.374
12.068
5.219
1.464
0.299
0.000
9.974
0.000
0.395
0.000
0.000
0.000
0.134
2.623
0.000
0.000
0.106
83.735
50.932
0.508
0.000
0.000
5.699
17.599
0.127
0.010
4.559
3.965
4.219
3.620
0.031
0.000
0.000
0.000
0.000
0.000
0.000
1.229
0.568
24.165
0.331
0.000
0.000
0.000
0.000
0.000
37.495
5.800
0.000
0.000
0.000
0.000
0.000
0.007
0.999
1.497
0.000
0.000
0.000
0.000
6.079
1.461
0.000
0.501
0.021
0.062
10.073
13.894
21.672
1.682
0.000
0.000
0.000
0.000
0.031
0.381
6.103
0.252
29.213
4.830
3.341
0.340
0.000
0.000
0.000
0.000
0.000
0.000
0.065
0.007
9.735
0.000
0.000
0.000
0.000
1.154
12.873
3.656
0.000
0.024
0.003
26.232
10.602
0.000
0.000
0.000
13.762
6.207
0.000
0.000
0.994
12.390
0.000
0.014
2.240
0.000
0.000
0.000
0.000
24.815
4.477
0.151
16.624
0.000
0.000
0.000
0.000
0.154
15.206
2.939
0.213
0.342
0.000
0.000
1.490
7.603
0.000
4.321
3.529
1.222
0.779
0.000
0.000
0.000
27.977
49.881
0.422
0.000
0.000
0.000
0.000
0.000
4.032
2.632
0.113
0.000
0.000
13.230
4.872
0.093
2.875
2.250
0.017
0.000
1.913
16.474
12.317
0.340
0.000
0.000
0.386
8.489
7.828
0.000
1.859
0.366
0.807
1.591
0.443
0.000
0.000
4.940
1.620
2.105
6.386
0.014
0.000
0.000
0.000
5.915
0.072
0.306
28.894
0.515
0.014
0.275
0.148
0.000
1.006
0.000
0.148
14.595
0.106
0.000
0.000
13.259
6.932
0.014
0.000
0.031
0.460
0.000
23.809
16.050
9.184
4.195
1.662
0.027
0.000
0.144
12.212
0.141
0.000
0.000
0.117
0.100
8.528
0.429
4.734
0.000
0.000
0.000
8.394
0.429
0.117
13.984
3.880
0.007
0.000
1.624
0.000
0.165
10.839
20.060
2.465
0.827
0.000
0.560
26.340
2.760
0.000
1.421
4.419
19.106
6.945
5.297
1.675
4.508
2.311
0.803
1.892
35.002
0.288
0.000
0.000
0.000
0.275
0.467
6.969
1.466
2.063
8.015
2.564
0.000
6.623
1.742
11.098
0.754
0.000
0.000
3.025
0.451
0.793
0.103
0.038
0.000
0.000
0.000
0.000
0.093
2.530
11.314
4.316
1.493
5.367
9.167
0.000
7.796
78.818
2.147
0.065
0.182
0.000
0.000
0.065
4.020
2.280
0.398
0.000
0.000
0.000
0.000
0.000
0.000
10.358
20.143
1.497
0.285
2.396
5.543
1.387
0.000
1.123
5.244
0.913
0.000
0.000
10.279
6.079
10.753
2.134
16.696
5.548
0.360
0.778
4.611
12.689
4.446
0.000
0.154
0.000
11.985
34.089
30.054
19.563
24.771
7.840
34.880
2.544
12.778
22.069
33.718
13.649
6.125
7.272
16.260
13.177
23.140
13.551
0.882
14.006
17.412
16.068
3.244
7.557
0.000
6.523
3.758
7.926
18.327
27.646
16.984
13.287
15.960
17.497
0.716
0.000
0.021
3.807
15.892
1.937
0.000
0.101
8.371
2.358
0.106
0.000
0.000
0.385
3.928
5.794
0.010
0.000
0.000
0.000
20.275
2.685
0.000
0.000
0.000
0.554
14.490
10.525
14.775
17.158
33.644
11.433
3.111
0.000
0.010
0.000
0.000
0.000
0.045
0.000
0.000
0.000
0.021
0.139
3.621
9.944
1.135
1.232
0.072
0.000
0.000
0.000
1.960
0.000
0.000
0.000
0.014
0.253
0.077
0.000
0.000
0.000
1.164
3.102
8.902
0.446
0.309
0.089
4.721
3.293
0.338
0.406
0.367
1.749
6.833
4.223
2.829
0.577
0.158
0.575
0.058
5.651
0.633
0.154
0.000
0.000
0.045
0.268
5.924
0.007
0.000
0.000
0.000
1.439
0.000
0.096
11.227
1.167
0.000
0.000
0.038
0.000
0.000
0.000
0.846
7.570
0.014
0.000
0.000
0.000
4.697
0.000
8.108
3.574
0.000
0.000
0.000
0.378
0.298
0.100
0.096
0.321
0.247
0.704
0.316
0.007
0.079
1.648
1.076
0.271
0.000
0.094
1.456
0.125
3.213
0.000
0.000
0.056
0.628
0.051
8.267
23.957
9.335
0.257
0.000
0.261
0.000
0.000
9.632
0.484
0.000
0.000
0.000
0.000
0.000
15.420
0.230
0.010
4.590
0.000
0.000
0.000
0.000
0.810
0.412
0.179
8.501
1.167
0.000
11.896
3.664
5.275
0.154
0.000
16.241
5.165
0.039
0.000
0.000
0.000
1.566
25.778
0.039
0.014
0.031
0.000
0.000
0.000
0.977
9.886
0.000
0.524
0.024
0.645
5.948
5.134
1.495
0.000
5.627
0.560
0.076
0.359
0.735
0.000
0.000
0.069
1.995
0.000
0.762
2.908
0.000
1.435
0.913
0.110
9.901
0.144
0.000
0.000
3.038
40.739
1.425
5.102
0.182
0.000
0.000
0.000
0.000
0.000
0.148
0.000
0.000
0.000
0.000
0.000
0.460
0.089
0.089
0.065
0.000
0.000
0.000
0.000
2.929
1.119
0.254
0.424
0.000
0.000
0.000
0.000
0.000
0.000
0.244
3.220
0.000
4.597
8.944
0.738
0.000
0.000
0.000
22.975
0.000
0.000
0.000
0.000
0.270
8.405
7.433
1.013
26.356
5.637
0.000
0.316
16.788
9.134
0.000
0.000
4.791
1.236
8.413
25.034
4.015
0.942
0.000
0.000
0.003
3.123
0.007
0.045
0.000
0.000
0.000
3.698
12.504
9.943
0.000
0.927
0.360
0.014
4.216
3.957
0.024
0.000
1.465
6.240
0.000
1.311
9.160
0.000
0.000
0.000
0.000
0.084
4.626
0.000
0.000
1.051
0.343
12.011
0.958
0.220
0.000
0.240
4.292
16.310
9.283
0.000
0.058
0.000
3.677
8.882
0.678
0.051
3.914
26.432
12.775
0.000
0.000
0.000
0.000
17.576
51.066
21.001
15.613
15.613
18.210
55.738
36.001
3.509
23.178
23.960
30.429
0.000
0.000
1.516
5.735
6.812
30.401
22.120
5.795
2.182
0.045
0.359
0.125
0.007
6.494
25.679
22.718
9.792
2.101
17.282
3.885
0.000
0.000
17.291
5.421
0.179
0.000
1.809
12.363
8.489
0.055
0.000
0.000
0.000
0.000
0.000
4.880
3.476
0.548
15.914
6.952
0.000
0.000
0.000
0.000
0.103
0.000
0.000
0.000
0.045
0.146
42.831
0.867
0.304
0.886
33.804
38.753
0.000
0.000
0.196
0.003
7.258
9.009
3.066
0.094
0.000
0.000
0.000
0.106
1.246
7.757
0.000
0.010
0.000
3.032
8.217
0.477
0.112
0.000
6.171
13.111
1.325
1.749
0.580
3.791
0.000
0.010
0.007
0.578
35.474
3.280
9.383
3.001
3.469
26.403
0.621
0.000
0.000
0.000
0.000
0.556
0.000
1.614
8.871
0.021
0.223
1.978
0.000
0.391
0.268
0.247
6.485
7.457
0.113
0.000
0.051
1.871
0.130
0.086
2.812
25.245
0.537
0.834
0.000
0.000
0.014
0.676
0.000
0.000
0.000
0.000
0.148
5.974
13.685
2.764
0.000
0.000
0.000
0.000
0.000
0.000
0.000
0.000
0.034
0.100
2.201
0.038
0.000
0.477
0.086
0.000
0.000
5.792
0.051
2.192
1.703
1.318
0.000
0.000
0.000
0.000
0.000
0.000
0.000
0.069
0.000
0.000
0.000
0.141
1.816
13.616
0.062
0.000
0.093
3.061
0.021
17.132
21.707
2.365
0.041
2.292
0.494
0.000
0.000
0.673
4.209
0.501
0.007
9.198
2.606
0.082
0.110
6.595
9.325
0.086
0.270
0.203
3.660
0.000
0.261
4.415
1.559
1.514
0.821
4.618
0.896
2.733
1.524
0.958
20.692
2.081
0.010
0.000
0.251
0.096
0.007
0.929
0.906
0.000
0.000
0.000
1.600
1.118
3.224
12.550
0.457
0.738
0.141
0.127
38.359
22.076
1.959
0.000
0.000
0.000
0.000
0.000
1.650
0.000
0.000
0.000
0.000
0.000
0.041
4.456
0.769
0.196
3.667
9.232
1.075
6.980
0.014
0.000
0.000
0.000
0.127
0.003
3.533
1.107
1.105
0.007
0.000
1.792
0.089
0.000
0.000
0.618
0.491
0.003
0.886
2.338
0.010
0.000
0.000
0.000
0.000
0.000
0.000
0.385
1.748
0.237
0.000
0.000
0.000
1.085
0.539
2.584
0.007
0.034
0.000
0.227
19.018
12.689
2.031
1.205
5.752
7.407
0.014
0.014
9.812
15.230
-99.000
0.000
0.972
4.666
1.257
0.003
0.000
0.069
2.499
1.517
0.443
0.000
0.845
1.971
1.979
0.819
4.837
21.025
0.209
0.014
0.000
1.768
0.165
0.000
0.000
10.531
0.601
0.000
5.989
4.231
3.787
4.187
16.823
48.621
21.001
0.003
0.000
0.000
0.000
0.000
3.574
9.297
6.375
3.557
0.316
1.246
6.770
79.584
3.454
0.426
0.000
0.017
1.294
13.901
19.758
3.845
17.381
19.417
9.730
0.731
11.354
4.096
0.000
0.017
15.219
115.339
20.115
0.000
2.733
10.248
3.620
0.189
0.021
8.199
22.259
88.754
12.586
13.946
1.402
5.037
0.154
44.707
29.170
10.114
4.017
0.000
4.461
0.000
0.000
9.723
36.811
0.014
0.213
0.881
0.000
0.000
10.670
0.429
5.177
4.782
2.125
0.021
0.000
0.173
0.416
13.673
0.443
0.000
0.024
1.021
0.000
0.000
1.423
15.329
14.260
2.126
0.055
4.072
0.253
0.000
1.136
2.513
3.281
0.000
3.411
6.034
0.597
0.000
1.221
0.000
0.007
2.111
4.628
4.070
3.117
0.041
4.261
15.206
0.117
0.000
0.000
0.000
0.000
0.000
0.000
0.000
0.000
0.000
2.566
2.386
0.000
0.000
0.000
0.000
0.003
3.894
2.557
0.079
0.000
1.869
0.752
1.521
0.421
0.174
0.549
0.383
7.085
1.878
0.017
13.770
0.428
1.501
1.247
0.161
8.132
0.443
0.000
0.704
2.206
0.784
8.280
3.413
0.103
0.057
6.051
19.631
17.281
1.816
0.000
0.000
0.000
0.000
0.000
6.813
3.262
30.534
17.660
0.014
0.000
0.000
0.000
0.000
5.097
0.379
0.000
0.000
0.000
0.310
-99.000
-99.000
-99.000
-99.000
-99.000
-99.000
-99.000
-99.000
42.301
0.498
0.000
0.000
0.000
0.000
0.000
0.058
0.000
20.469
2.232
0.000
0.000
0.000
0.443
5.140
4.906
8.459
20.551
0.000
3.135
39.166
0.288
0.007
9.953
4.044
0.498
0.000
0.000
1.528
0.185
0.000
1.907
0.436
0.165
0.000
0.000
11.680
0.968
0.424
0.000
0.000
1.600
0.000
0.721
0.591
14.563
7.631
1.282
0.264
0.149
0.146
9.483
4.914
0.000
0.000
0.046
17.891
21.134
11.633
0.000
0.000
0.027
0.000
0.000
0.000
0.142
7.987
11.810
0.266
1.255
0.000
0.000
0.010
0.732
0.024
0.000
17.494
0.039
0.055
0.024
0.000
0.000
0.194
0.278
4.530
1.294
0.072
13.492
3.294
0.000
0.000
9.589
2.808
1.090
0.204
0.086
1.075
3.344
0.000
0.786
1.251
0.089
0.000
43.233
41.750
1.885
3.571
1.440
1.885
1.490
0.898
1.723
11.237
2.685
5.538
0.000
5.107
0.000
5.921
2.166
2.932
1.078
11.742
0.484
0.000
0.992
1.799
0.000
0.000
0.000
0.694
6.362
0.977
17.710
11.058
0.000
0.000
6.307
10.547
1.243
2.877
1.748
1.785
5.586
1.555
0.010
10.509
0.257
0.656
0.010
11.311
3.032
3.275
24.517
4.652
0.000
0.017
0.000
0.000
0.470
0.000
3.680
10.214
9.163
1.442
8.844
26.786
15.448
23.466
13.129
12.047
3.938
10.090
12.006
0.165
16.121
6.581
0.000
0.000
0.371
17.499
31.177
28.302
24.165
18.002
6.473
13.623
10.604
8.321
0.627
19.646
5.437
4.522
24.771
1.880
0.369
0.000
0.000
0.000
0.000
0.151
0.570
0.007
0.000
0.148
1.737
1.370
2.211
0.079
0.007
0.399
36.716
1.438
9.127
10.880
9.352
11.498
31.079
0.936
6.755
9.900
3.866
0.443
0.302
4.005
6.918
0.280
2.220
0.000
27.789
0.204
2.233
0.024
0.561
0.000
0.189
7.658
5.247
8.659
7.074
4.496
1.919
0.776
0.024
2.426
3.102
17.638
14.946
15.880
12.682
9.605
20.380
6.238
18.183
31.155
9.191
0.000
0.187
7.578
9.265
0.369
15.626
0.584
0.000
0.000
0.000
0.000
0.000
0.000
0.000
0.069
4.425
0.000
0.000
7.574
0.000
0.000
0.069
0.259
0.000
0.000
0.000
0.000
0.482
0.014
0.000
0.000
0.000
0.757
0.000
0.000
0.000
0.027
0.000
0.000
0.000
0.000
0.000
6.300
0.445
0.000
0.000
0.000
0.000
0.000
0.062
0.000
1.414
0.000
0.000
0.000
1.832
2.956
5.054
0.079
0.000
0.000
0.017
0.474
1.308
1.164
1.193
1.037
0.292
0.000
0.000
0.000
0.100
5.241
10.343
15.738
15.594
2.390
0.501
0.000
0.000
0.027
0.000
0.000
0.000
0.000
0.266
6.866
0.821
0.000
0.000
0.003
9.974
0.007
0.000
0.000
0.000
1.342
10.506
9.740
0.106
0.206
0.542
2.376
6.606
13.580
3.502
0.000
0.000
0.350
11.920
35.610
1.016
0.000
0.000
15.441
6.638
0.045
0.000
6.097
0.270
3.419
0.000
0.154
0.000
0.748
3.296
0.597
2.017
0.671
0.561
0.219
0.000
7.825
0.596
0.000
0.000
0.000
0.000
1.069
0.117
0.572
12.092
13.565
0.007
0.000
0.000
0.270
3.991
0.129
9.163
4.866
0.000
0.000
7.477
4.609
0.000
0.000
3.270
5.217
0.034
0.000
0.000
1.090
0.014
0.007
0.189
0.153
0.000
0.000
0.000
0.371
2.630
3.042
2.187
0.072
0.000
4.580
11.577
1.136
0.154
3.461
0.058
0.014
0.000
0.000
3.207
16.826
0.000
0.391
0.000
0.402
1.421
0.000
13.062
2.300
0.000
0.000
0.000
0.000
0.000
0.000
0.000
17.116
0.463
4.843
5.754
1.780
0.220
0.000
0.000
10.738
22.796
0.017
0.587
0.285
0.000
0.568
11.228
0.000
0.000
0.000
0.613
6.642
0.000
0.049
0.882
0.498
0.000
0.000
0.000
1.899
0.395
3.270
13.122
3.382
0.553
0.000
0.058
4.020
2.860
0.003
0.158
2.414
0.865
5.334
17.013
5.208
1.904
9.448
0.175
1.432
10.363
4.511
22.000
0.000
0.000
9.544
0.010
0.000
0.000
0.000
7.721
7.296
0.065
0.000
0.000
0.000
0.000
20.253
14.038
0.000
0.000
0.000
0.000
0.000
0.422
1.861
3.432
8.805
0.000
0.024
0.223
2.863
7.981
0.000
6.219
5.152
0.000
0.041
4.470
0.014
0.000
0.000
0.048
0.000
0.000
0.288
1.730
0.930
0.745
0.048
5.088
0.165
19.569
0.051
0.014
8.772
7.512
0.364
0.093
1.562
30.362
19.461
1.346
0.549
18.182
2.953
11.151
2.489
2.424
5.205
6.930
2.692
7.036
9.146
19.719
8.228
12.144
7.205
19.155
23.870
9.479
0.021
0.000
9.587
9.002
4.358
0.031
0.000
0.000
3.323
10.482
0.000
0.000
14.854
0.496
0.000
0.000
2.494
0.333
67.701
0.990
0.000
0.209
0.494
15.168
23.648
0.000
0.000
9.984
30.000
2.087
0.000
0.000
0.106
10.085
1.459
0.000
7.028
2.081
4.642
1.277
1.037
0.000
0.000
13.740
12.947
1.081
0.000
0.000
0.110
0.089
0.000
0.942
13.994
22.489
0.170
0.000
7.401
0.000
0.000
0.000
0.000
0.062
0.000
0.000
0.000
0.000
0.000
0.003
16.397
0.000
11.489
0.915
0.000
0.024
0.000
0.000
0.000
7.356
0.326
0.000
1.130
18.588
0.000
0.000
0.944
2.170
0.000
0.000
0.000
0.000
0.772
1.735
0.042
0.158
0.000
0.252
0.208
5.411
0.000
0.783
1.629
0.137
0.007
3.054
0.290
0.000
0.233
0.525
15.019
0.000
0.721
0.000
0.000
0.000
0.000
0.000
0.000
0.000
0.000
8.123
0.027
0.000
0.000
0.100
0.000
0.064
9.763
0.000
0.000
0.000
0.000
0.924
0.735
0.209
0.179
0.848
0.000
0.000
1.660
0.017
0.239
2.325
15.508
0.027
4.183
0.748
0.000
1.868
1.813
2.839
5.421
14.032
0.520
1.387
10.161
0.407
1.770
0.510
0.000
0.000
0.000
0.086
0.000
0.635
15.051
0.000
0.007
0.395
0.089
0.000
0.000
3.378
0.755
0.000
0.419
0.257
5.416
12.418
5.019
6.484
0.814
0.000
0.000
0.000
0.000
0.309
0.618
0.082
2.276
19.525
16.074
3.392
0.256
16.744
7.953
5.418
15.793
0.014
0.450
14.373
10.092
0.024
0.014
15.144
0.915
0.295
12.665
4.213
3.042
5.898
0.000
0.000
0.130
6.484
0.772
0.065
1.418
0.000
9.441
2.475
0.323
8.171
18.694
18.869
19.123
0.007
0.391
0.100
0.000
0.000
12.013
9.639
0.000
0.000
0.694
0.010
11.958
8.408
9.630
5.617
1.871
21.986
26.965
0.203
0.000
0.000
18.838
0.031
0.000
0.000
3.165
5.449
0.000
0.003
0.285
0.017
5.874
12.737
10.337
0.316
13.239
18.430
14.514
7.038
0.065
0.000
9.891
3.818
1.269
0.000
1.114
7.428
4.558
1.112
0.474
0.000
9.113
0.707
0.350
0.000
0.000
0.299
6.170
33.307
21.755
1.418
0.000
0.000
9.153
0.278
0.000
0.000
0.000
0.000
1.095
4.664
42.285
20.831
20.362
15.443
5.437
49.821
0.724
0.855
7.496
1.554
0.065
1.852
6.075
28.545
5.653
8.862
12.433
21.235
18.412
18.630
14.690
4.589
12.185
13.944
6.489
22.616
0.000
0.000
0.000
0.014
2.101
18.220
24.769
23.658
3.797
1.402
0.024
0.000
0.027
22.774
5.394
2.199
30.272
19.385
6.849
13.088
8.267
12.288
8.731
0.738
8.077
0.100
0.378
17.952
8.430
1.188
0.939
13.473
30.775
7.749
0.027
0.000
0.000
0.323
9.785
5.493
25.452
10.348
0.903
2.415
5.926
7.618
18.241
9.786
17.849
25.547
15.319
16.541
1.044
6.503
4.278
7.472
0.278
0.000
0.879
1.875
5.857
6.626
0.069
0.000
7.967
5.244
1.674
3.785
5.340
0.134
0.065
0.000
0.584
0.560
5.348
0.132
4.434
15.559
19.746
2.345
0.264
22.419
13.362
6.539
4.978
4.049
0.587
20.193
19.901
0.000
0.014
0.113
3.080
22.470
19.030
0.096
0.316
0.000
0.000
1.730
4.185
0.000
0.000
0.000
0.000
0.000
0.000
0.000
0.000
3.066
30.841
5.246
0.553
0.000
0.000
0.000
0.000
0.172
0.000
0.000
0.000
2.046
17.942
0.948
0.103
24.707
4.715
0.089
0.053
0.021
0.038
14.577
13.465
0.007
0.000
0.000
0.925
4.843
2.218
8.842
0.014
0.000
0.000
0.000
0.201
4.280
22.388
0.000
0.021
0.497
0.762
4.882
1.917
0.000
0.000
0.000
0.000
0.000
0.024
0.007
3.559
35.093
26.417
5.732
0.038
8.434
7.153
0.072
0.000
2.910
0.000
0.117
7.687
0.652
0.000
0.003
11.621
9.385
0.003
0.000
0.627
0.838
0.000
1.413
3.796
15.175
0.000
0.014
0.615
0.855
11.576
6.726
25.536
0.113
0.220
0.000
0.845
0.118
0.000
0.000
0.003
0.000
0.000
0.228
1.088
3.924
0.103
0.000
0.000
2.470
13.582
0.000
0.000
0.659
0.227
10.760
0.850
0.764
1.457
4.273
0.339
0.000
11.930
0.000
2.899
7.759
0.177
0.003
0.000
0.000
0.175
11.137
4.601
0.460
16.483
0.000
0.003
7.498
5.703
1.792
0.014
0.000
0.003
0.231
2.396
6.369
11.103
0.134
0.000
0.000
0.433
0.000
2.098
0.117
1.195
0.669
0.000
2.753
0.000
0.000
9.275
21.715
0.065
1.742
0.000
0.000
0.000
0.395
3.220
6.259
1.157
0.076
37.776
0.714
35.184
0.360
9.503
3.090
0.000
0.000
2.407
8.997
0.000
0.000
0.034
19.775
0.000
0.000
4.995
1.857
0.076
6.430
5.768
0.000
0.076
5.457
1.830
0.000
0.000
0.089
0.000
0.120
0.000
8.909
10.554
1.899
0.003
6.118
4.353
18.327
1.408
0.000
0.000
0.536
6.472
0.014
0.000
8.604
0.007
0.089
0.017
0.474
0.000
0.000
2.063
8.480
19.813
1.473
0.371
1.027
0.409
1.164
47.063
21.277
0.189
0.034
1.782
0.457
1.596
5.874
0.038
0.000
1.169
11.730
0.007
6.302
0.000
0.000
0.000
0.000
6.793
0.208
0.000
0.620
2.725
0.000
0.000
36.176
19.906
0.496
0.000
2.957
0.007
0.010
2.529
2.024
30.197
4.482
0.000
0.000
0.000
8.173
2.741
6.274
1.919
10.672
10.264
2.796
8.750
7.828
5.026
11.944
23.811
13.290
5.713
9.093
24.579
11.340
5.711
0.836
0.697
0.000
8.262
12.619
0.850
4.410
0.900
2.240
0.357
3.667
0.000
0.000
5.373
28.094
53.400
42.570
8.854
2.942
0.007
0.000
6.810
20.259
13.156
58.046
1.020
2.190
20.769
0.807
22.637
17.111
27.534
20.187
18.430
4.674
0.000
1.535
3.864
4.254
0.000
0.000
7.517
0.000
0.000
0.784
0.000
0.915
4.738
12.998
2.820
0.000
6.714
11.843
0.146
0.000
0.000
0.000
0.000
1.169
0.438
7.380
0.592
0.000
0.000
0.000
0.000
0.000
0.017
1.274
0.072
0.021
0.000
2.788
1.116
0.000
0.000
0.000
0.000
0.168
0.391
0.134
5.385
0.481
0.000
0.000
0.000
5.716
0.467
0.000
0.927
0.021
23.938
0.000
14.710
24.252
0.000
0.000
0.000
0.000
0.000
0.000
0.000
0.000
0.000
0.000
0.000
0.000
0.000
2.426
8.468
0.000
0.000
0.000
0.000
0.000
0.000
0.081
0.000
0.000
0.000
0.000
0.000
3.395
0.151
0.000
0.000
0.197
2.360
15.601
0.000
0.000
0.206
0.783
6.345
0.000
0.000
15.278
24.050
0.034
0.000
0.000
0.000
0.714
4.786
1.662
0.618
0.000
0.000
5.030
4.127
2.201
0.532
0.007
0.525
0.000
0.000
2.359
1.126
0.381
0.017
4.278
4.031
3.713
0.561
3.002
0.139
0.069
10.840
14.021
0.508
0.257
23.461
11.930
1.583
0.000
0.290
16.006
0.354
0.000
3.535
12.496
2.738
0.000
0.000
9.843
0.936
0.000
0.000
3.093
1.562
31.929
1.257
0.000
0.000
0.000
0.000
0.000
1.631
11.666
4.151
0.007
0.000
0.000
0.000
2.905
3.303
2.987
0.000
0.010
0.580
4.649
3.176
7.433
1.509
11.409
2.415
0.618
0.990
0.000
0.000
0.010
1.584
28.988
1.422
0.131
1.027
12.408
17.046
0.000
2.611
0.130
0.034
10.926
2.635
1.387
0.000
0.000
3.988
0.118
0.000
0.003
0.000
0.537
0.065
0.000
0.000
0.000
3.117
20.019
9.177
0.000
0.000
0.000
0.000
0.000
0.230
0.235
0.000
0.007
5.328
0.807
0.000
0.000
0.457
1.233
16.490
3.358
0.323
2.623
3.636
3.728
3.145
0.007
0.182
0.762
0.000
0.000
0.000
3.080
9.630
14.705
24.997
0.227
0.000
0.151
9.510
5.387
0.694
0.000
2.819
10.135
0.007
8.741
7.931
9.970
15.055
3.660
15.230
21.852
7.290
7.879
2.118
2.431
3.097
0.199
0.069
0.306
12.943
16.225
0.865
0.000
0.196
4.288
11.261
10.653
11.975
0.000
0.000
0.000
0.000
0.000
0.000
0.000
3.601
1.088
3.004
0.831
5.768
23.597
16.801
19.266
24.208
7.982
16.169
15.662
0.433
0.034
0.388
0.000
6.424
0.429
3.794
10.063
15.347
12.464
29.352
20.246
9.867
0.000
0.000
0.000
0.352
13.008
1.195
3.376
0.000
13.520
9.812
16.498
4.842
1.188
15.769
5.761
13.142
1.294
6.763
12.439
10.668
26.654
17.357
49.083
53.452
14.741
5.505
32.942
18.133
0.024
0.280
6.889
5.478
11.122
15.749
10.509
0.518
41.422
2.892
19.477
2.945
0.000
2.180
16.145
7.469
12.497
0.237
0.000
5.627
9.148
29.145
11.105
18.458
1.906
0.000
0.448
1.370
21.787
0.414
0.031
0.000
3.739
13.221
1.027
0.000
0.000
0.000
6.497
0.544
0.007
9.206
1.363
0.000
0.000
0.965
20.143
9.874
0.000
0.261
5.455
27.593
14.567
1.706
0.000
0.000
0.000
0.000
0.000
2.369
1.566
0.000
8.041
3.728
0.000
0.000
0.000
0.000
0.024
0.000
0.000
0.041
0.343
19.056
12.421
0.000
0.000
0.165
0.165
0.000
0.000
0.007
3.274
0.469
0.158
0.855
0.326
0.000
0.000
0.031
0.027
2.039
0.079
0.014
0.000
0.000
0.934
5.867
6.434
0.690
0.000
0.000
0.000
0.000
0.000
0.000
0.000
0.000
0.647
2.390
5.639
0.664
0.692
0.000
0.000
0.000
0.000
0.000
0.000
1.013
0.282
11.761
1.396
0.000
0.000
0.000
0.000
0.158
2.280
0.000
0.000
0.590
0.436
0.000
0.000
0.000
0.000
0.000
0.000
2.096
0.000
5.822
9.180
0.000
0.263
22.573
9.521
16.787
0.014
0.103
0.839
1.820
45.591
10.185
2.202
1.196
0.000
0.000
2.981
3.660
0.000
0.000
8.074
8.202
0.000
0.000
0.000
0.061
1.074
0.000
0.000
0.000
31.852
0.062
0.252
0.118
3.323
25.583
0.057
3.495
0.855
0.000
0.000
0.000
0.000
0.021
2.736
3.316
0.618
0.000
0.000
1.040
0.000
2.709
0.687
5.031
0.649
4.192
6.135
2.711
0.000
0.000
0.000
20.956
3.708
6.660
7.608
0.034
0.000
0.488
0.000
0.000
0.000
0.127
1.172
5.124
13.731
0.791
0.000
4.170
2.547
0.000
0.151
0.000
0.654
0.024
0.000
0.003
15.003
3.411
0.000
0.027
11.963
0.000
0.010
17.456
1.317
0.000
0.000
0.221
1.469
0.058
1.421
0.038
10.355
0.553
0.000
0.051
0.065
0.000
0.000
1.432
7.059
1.881
0.000
0.192
10.279
3.843
0.000
0.124
0.041
19.135
22.728
0.000
0.937
8.841
0.494
1.754
0.512
0.000
7.546
2.172
0.000
6.087
0.000
0.640
5.049
6.087
1.596
0.118
0.192
0.017
0.130
0.149
5.294
4.968
10.760
1.315
5.648
7.146
0.649
0.330
0.000
0.000
0.125
1.421
7.701
0.747
0.000
4.664
21.014
1.466
0.024
0.070
0.518
13.574
9.750
0.604
0.039
11.888
33.792
1.009
0.000
3.890
0.405
0.735
3.938
13.631
0.000
0.000
5.167
3.742
18.261
0.273
0.000
6.286
14.013
21.230
0.529
0.000
0.000
4.020
16.665
14.663
0.024
18.533
0.000
18.004
0.728
0.209
0.000
0.000
0.000
10.925
0.000
0.000
7.038
16.298
9.402
16.878
20.829
0.618
2.048
19.878
26.460
19.470
9.119
5.878
4.516
1.198
0.000
1.282
7.665
0.000
5.828
8.850
26.577
17.628
11.575
7.330
1.905
8.365
5.352
1.552
39.796
27.354
76.830
58.488
18.378
40.788
14.465
0.912
32.478
0.058
0.027
0.014
0.117
0.000
2.156
17.506
13.707
1.348
0.000
0.000
0.000
2.144
3.473
18.955
10.585
10.118
13.784
10.154
3.277
1.908
4.275
0.039
0.773
0.014
0.257
2.733
0.395
0.000
12.738
15.475
11.386
7.811
5.191
1.211
1.287
0.335
21.418
7.103
5.344
0.000
0.000
0.000
0.000
18.406
4.915
0.045
0.542
1.753
16.828
0.053
3.727
0.000
0.000
0.000
0.000
1.751
1.308
0.034
0.007
0.000
0.000
0.000
0.000
0.003
0.024
0.000
0.000
6.111
0.736
4.928
7.254
0.302
11.979
34.205
8.147
6.042
1.140
0.000
0.000
0.000
0.000
0.000
3.502
0.862
0.000
0.000
0.000
0.000
0.000
0.003
1.794
0.747
5.828
2.106
1.480
38.857
35.391
4.985
1.057
0.089
0.051
0.783
0.127
0.000
0.240
2.026
0.220
2.407
0.000
0.000
36.033
2.046
0.257
0.242
0.244
0.168
0.735
7.484
0.632
2.316
7.526
0.570
3.215
4.659
2.317
0.093
5.473
0.501
18.941
1.868
0.385
0.402
0.233
0.000
0.014
0.628
9.991
15.058
13.372
18.129
7.268
1.258
8.015
4.939
1.911
0.000
0.505
33.731
0.412
0.216
3.601
0.000
14.244
1.147
0.007
17.056
3.468
0.064
0.041
0.000
0.968
0.000
0.000
0.000
0.000
0.000
0.000
0.000
0.113
0.497
41.975
0.000
0.299
1.445
32.634
0.441
0.017
0.173
14.256
0.422
0.007
0.000
2.753
0.508
0.240
0.000
0.000
0.096
21.485
1.039
0.007
0.000
0.010
12.192
14.248
0.604
0.000
0.000
1.233
0.062
1.262
0.915
6.528
59.194
0.451
0.000
0.104
15.340
1.090
0.000
0.045
0.388
0.539
0.235
6.283
1.496
2.326
25.897
0.438
2.353
1.528
1.027
1.291
0.373
0.101
0.043
26.331
11.625
0.373
0.000
4.942
11.815
0.000
0.000
0.000
0.000
0.000
17.382
0.000
0.000
0.000
0.000
4.928
1.488
0.014
0.000
0.000
17.822
0.129
0.000
0.000
0.000
0.124
0.024
0.515
3.093
18.474
11.810
4.746
0.858
0.014
0.398
4.384
5.047
11.261
1.602
0.000
0.014
5.613
23.899
20.012
3.890
0.141
0.000
0.000
0.000
0.000
5.219
0.000
0.000
17.104
5.709
11.343
2.146
0.000
5.133
3.631
8.585
2.041
0.000
0.029
0.000
0.409
0.148
26.674
1.057
1.090
0.723
3.725
0.141
0.000
0.000
0.000
5.342
9.649
0.415
0.000
0.000
5.969
10.689
0.000
0.227
4.817
9.544
10.657
2.244
15.242
1.250
0.990
2.963
0.058
0.000
0.000
0.711
2.419
2.906
7.962
0.184
6.079
0.621
21.550
20.944
8.508
0.000
0.000
16.946
11.100
21.799
0.797
2.287
0.000
0.536
11.079
0.000
0.000
0.015
28.070
9.704
3.610
16.976
2.065
7.767
1.517
2.959
0.000
0.064
15.724
6.727
0.003
0.000
8.159
12.569
0.196
0.144
0.515
0.082
0.000
0.000
0.000
0.031
0.021
0.000
1.099
12.457
0.501
2.860
1.514
0.024
2.994
67.324
7.423
0.282
6.449
0.000
0.134
0.021
0.000
0.065
0.000
0.010
14.715
14.735
19.641
0.000
0.000
5.679
0.000
0.000
0.158
1.720
1.233
9.869
0.000
0.000
0.000
0.000
0.000
0.000
0.000
0.000
0.000
0.062
18.138
0.014
11.827
1.548
0.621
0.000
0.000
0.000
6.376
13.403
0.082
0.450
0.065
0.748
0.924
0.000
0.000
0.014
43.159
1.155
5.630
0.199
35.180
6.925
0.000
0.000
0.141
0.024
8.473
3.797
0.034
0.000
3.687
1.336
0.000
0.000
0.000
0.000
0.069
1.677
0.630
0.608
2.233
1.748
0.010
0.144
0.010
0.137
0.798
0.762
11.000
20.167
0.000
0.000
0.000
0.189
0.000
0.089
9.891
0.000
0.000
0.000
0.000
4.958
5.966
0.024
0.000
1.555
7.062
2.238
0.505
0.127
0.340
6.961
4.046
0.968
8.314
2.439
1.648
0.007
0.000
0.135
6.537
0.038
0.000
12.142
15.848
3.371
2.637
0.000
0.000
0.000
1.857
0.000
0.000
0.330
18.900
1.713
12.147
1.027
0.000
16.387
8.429
0.000
0.000
0.000
0.000
0.000
0.000
0.360
0.563
3.691
5.404
4.661
16.716
6.341
0.477
0.130
0.000
0.000
5.861
1.164
0.110
0.201
2.705
11.041
6.080
1.020
0.148
0.000
0.000
0.000
0.000
0.000
0.058
0.120
0.237
0.357
10.937
10.111
0.000
0.000
0.000
0.000
6.647
76.959
1.751
0.103
0.017
0.000
1.013
0.577
3.303
21.173
0.827
0.000
0.113
6.947
3.152
0.673
0.000
1.521
0.120
0.000
3.684
0.192
0.000
1.109
3.725
1.346
4.127
21.210
8.628
0.000
1.693
0.127
0.000
0.000
0.326
0.010
0.548
0.578
0.000
0.000
1.090
3.150
0.359
18.747
0.031
1.907
28.135
0.000
0.000
0.000
8.825
0.062
3.390
0.154
0.000
0.000
0.000
0.055
0.666
1.796
0.000
6.949
2.717
0.838
5.091
0.847
0.201
0.206
20.756
0.000
0.398
0.134
0.000
0.000
0.000
8.283
7.763
0.117
0.526
0.300
0.000
0.116
0.137
0.000
0.000
0.122
3.461
6.746
0.000
0.000
0.000
2.383
0.034
3.687
20.654
0.000
0.481
0.000
4.370
14.361
1.081
39.527
18.845
2.379
2.554
5.950
0.027
3.282
19.949
0.257
0.000
7.883
2.123
0.410
4.213
0.827
0.254
0.357
17.523
9.953
37.340
1.507
0.154
9.043
19.034
30.690
7.817
13.065
6.018
0.089
0.434
12.634
24.721
15.396
5.112
0.199
8.986
7.145
21.442
10.283
3.267
0.836
3.362
13.036
24.875
4.338
9.435
12.610
11.517
18.109
21.954
13.855
20.594
14.786
10.990
6.145
2.973
17.976
1.123
0.000
0.000
0.000
0.000
9.539
7.660
2.515
3.540
18.191
8.372
9.570
2.553
5.322
1.493
6.302
0.954
0.000
0.000
0.000
3.068
1.538
0.295
8.015
20.078
0.259
20.546
39.084
27.201
0.000
0.000
1.140
1.432
0.000
0.000
0.000
0.000
0.000
0.000
0.000
0.000
0.000
3.692
2.434
0.045
0.000
0.129
0.673
0.000
0.000
7.771
8.209
0.000
0.000
0.000
0.000
0.000
0.124
0.954
0.014
0.000
0.000
0.003
0.409
0.101
3.785
0.000
0.539
11.973
33.908
8.175
0.003
0.000
0.000
1.790
3.515
0.208
4.266
1.291
0.014
0.000
1.536
0.263
0.000
0.000
0.144
0.469
1.396
0.000
0.000
0.000
0.000
0.585
0.137
0.000
0.000
5.577
0.530
0.000
0.000
0.000
0.000
17.781
12.382
7.628
0.745
0.000
5.255
0.024
0.000
0.000
0.000
0.000
6.618
1.502
2.970
28.855
0.000
0.000
0.189
3.457
1.004
0.158
0.409
0.000
2.125
3.304
12.861
0.003
1.823
2.201
0.323
0.652
17.810
1.813
0.086
0.000
0.000
12.439
9.335
0.220
0.467
0.271
0.000
0.000
0.000
0.014
2.386
1.499
0.088
1.064
0.345
0.000
0.986
22.145
0.194
0.014
0.000
0.355
0.082
0.292
1.900
49.439
15.480
1.051
0.359
2.046
21.176
0.000
0.000
3.824
0.027
0.000
1.047
0.000
16.126
2.705
5.230
0.160
0.000
7.162
0.669
4.281
0.000
0.000
0.336
1.806
0.000
2.578
37.163
10.319
0.000
0.000
4.597
2.584
15.401
51.483
1.487
1.765
3.141
0.000
0.000
0.409
0.000
0.000
0.366
16.116
14.456
0.734
0.671
5.924
0.140
2.930
0.010
9.896
1.330
0.000
0.000
0.000
0.000
0.000
0.031
0.000
0.124
0.000
0.000
0.000
2.503
2.803
2.341
0.177
0.000
0.000
15.456
2.246
0.021
0.685
0.144
0.930
0.179
0.000
0.000
0.000
1.336
0.000
0.000
0.000
0.079
0.529
1.480
7.203
0.000
0.000
0.000
0.007
0.316
0.000
0.082
0.051
0.000
1.607
13.972
0.027
0.000
0.000
0.000
0.079
14.904
3.001
5.236
0.065
0.000
2.355
0.000
0.000
0.000
0.000
13.338
6.001
1.789
0.185
16.033
6.523
0.137
2.194
0.000
34.682
0.120
0.000
0.635
0.130
0.000
0.141
2.695
19.435
40.392
3.564
8.703
0.000
0.582
0.474
23.442
0.984
18.472
65.442
6.348
0.007
11.618
7.598
5.622
30.580
5.867
0.000
0.165
1.873
1.004
0.251
54.844
0.316
7.321
8.157
3.553
13.510
6.611
12.774
14.241
23.229
4.058
5.215
10.904
4.841
15.999
16.874
13.843
2.808
36.602
0.000
0.433
3.728
3.989
0.017
0.000
3.663
0.000
3.553
23.878
22.828
4.954
2.146
14.828
23.531
14.543
11.470
0.038
11.553
9.395
1.088
5.382
14.694
13.935
0.656
0.039
0.515
0.039
6.157
10.964
1.569
0.711
13.039
10.423
0.778
1.147
0.426
0.568
0.053
0.000
0.045
0.000
0.000
0.000
0.000
0.000
2.060
9.342
8.013
13.721
51.690
11.091
0.007
0.000
0.000
0.271
0.433
0.000
0.000
0.000
0.000
16.473
7.838
7.169
0.000
0.007
0.000
0.000
6.544
2.307
19.508
22.343
1.154
0.093
0.426
3.725
7.944
11.268
8.044
0.865
0.566
0.161
0.000
2.420
0.127
0.122
0.000
0.000
10.255
5.637
3.965
9.879
0.320
0.955
0.889
2.410
0.405
3.406
18.011
32.815
0.000
0.000
0.000
0.191
5.538
17.851
0.000
0.000
0.194
1.852
1.801
3.771
11.476
0.000
0.000
4.395
7.119
0.601
8.571
2.513
0.000
0.000
12.185
0.575
0.000
0.000
27.744
4.564
0.937
9.888
0.000
0.000
0.000
0.000
0.024
0.003
0.223
0.000
0.000
4.159
3.854
0.000
0.000
0.007
1.794
0.007
0.000
0.000
0.410
0.084
0.055
1.315
12.624
0.263
16.069
0.597
0.000
0.000
0.051
0.000
0.082
2.994
0.089
0.242
18.639
1.674
0.000
0.000
0.000
0.000
0.000
0.000
0.000
0.000
0.000
0.000
0.055
6.599
1.792
0.843
0.082
0.000
2.455
27.229
1.418
0.000
0.000
0.228
12.186
0.046
0.021
0.378
1.370
0.613
1.171
8.199
0.007
7.999
0.000
0.000
8.988
0.000
0.790
25.499
0.000
3.723
9.665
8.964
2.793
13.568
5.373
1.669
0.081
0.000
0.000
0.027
9.956
0.000
2.518
0.031
0.000
2.043
3.279
9.159
0.532
0.017
0.000
18.896
0.948
0.695
0.699
1.066
0.000
0.000
0.045
9.692
0.000
3.859
6.870
0.000
0.000
0.139
16.241
24.589
7.598
0.000
0.000
0.082
0.000
0.000
0.000
3.165
3.251
6.161
7.491
3.741
0.206
0.151
0.000
0.000
0.000
0.211
3.979
4.511
13.608
1.344
0.107
1.430
5.392
0.798
0.000
0.000
1.207
13.208
0.287
0.755
1.105
0.000
0.000
0.000
0.082
0.288
12.197
6.144
0.000
0.000
0.127
0.007
4.125
2.956
10.528
4.408
0.000
18.742
0.014
0.000
7.071
4.118
0.000
0.000
0.000
0.000
1.698
12.597
21.147
0.311
3.916
0.918
10.437
5.217
0.021
1.711
4.013
12.542
7.431
0.000
0.000
0.000
1.444
3.972
0.000
6.509
2.266
1.706
12.080
5.342
4.930
6.350
0.000
0.000
0.000
0.000
4.298
7.344
0.000
2.680
2.319
28.592
21.420
53.057
9.931
9.362
3.427
1.627
7.265
8.604
0.027
104.180
6.139
7.138
7.289
1.332
1.511
17.089
1.526
0.000
0.000
0.300
4.209
0.841
7.433
4.443
0.000
0.000
25.560
0.000
2.180
8.950
5.225
3.440
80.907
8.188
15.659
8.350
32.787
1.696
11.141
2.256
2.874
0.268
8.401
15.453
171.593
12.895
1.095
3.952
8.573
6.968
6.860
0.206
28.968
28.237
35.675
18.323
15.539
1.404
4.133
0.383
0.299
1.303
0.043
19.346
5.397
8.332
0.266
3.354
2.927
5.826
0.172
0.007
0.000
2.824
1.832
2.796
11.026
9.104
13.270
5.047
0.929
0.385
0.000
0.024
0.000
13.170
91.509
77.807
91.424
10.018
11.867
3.185
10.119
73.636
8.053
1.650
0.000
0.000
3.454
19.638
0.000
0.000
0.000
4.987
9.422
0.000
0.000
0.938
0.000
0.000
5.181
14.165
11.271
6.927
19.715
0.827
0.000
0.347
0.031
13.060
55.429
0.894
0.247
0.031
0.000
0.000
0.000
0.105
0.000
0.640
22.904
11.024
0.000
0.000
0.000
1.902
0.000
0.000
0.000
0.000
0.363
0.024
0.065
0.000
0.003
17.496
0.000
0.000
0.450
0.343
0.038
4.789
0.230
0.148
0.000
0.000
0.000
0.364
0.014
0.055
0.000
8.171
3.145
0.566
20.187
7.014
0.000
0.000
3.310
7.622
0.000
0.000
0.017
3.315
10.986
1.008
0.000
0.000
8.379
1.591
1.239
0.057
0.962
0.000
0.815
1.206
0.663
0.230
0.565
1.095
1.820
7.356
18.587
0.127
0.000
0.000
0.000
2.863
1.820
0.575
0.848
0.436
0.045
1.583
8.370
3.069
0.965
0.707
0.618
0.360
0.000
2.781
0.278
14.413
0.398
0.831
0.000
0.000
0.000
0.007
5.023
0.000
0.000
0.000
0.000
0.000
1.126
3.093
0.240
1.236
0.000
0.000
5.201
0.017
15.432
3.234
0.179
0.453
0.295
7.251
3.560
0.048
0.007
10.399
0.364
2.348
0.158
0.130
12.439
33.831
15.659
0.000
0.000
0.000
0.034
0.110
0.340
2.403
0.007
0.000
0.000
0.766
0.038
1.451
9.273
0.661
14.437
1.215
0.603
3.020
0.000
0.000
0.010
3.308
0.345
0.000
0.000
42.589
0.086
0.000
0.000
0.742
11.788
0.946
0.031
0.000
0.000
0.000
0.045
2.784
0.000
0.216
2.724
0.000
11.815
0.000
0.000
0.000
0.000
0.000
2.081
0.158
0.000
0.474
0.000
0.000
8.446
0.148
0.000
0.000
0.000
1.627
0.007
0.014
0.000
4.280
2.995
9.671
2.724
0.017
0.000
8.502
59.173
8.521
0.000
0.937
0.000
10.677
0.000
0.000
0.017
0.000
0.000
3.342
0.397
0.000
0.017
4.139
0.302
11.766
0.772
0.000
0.000
0.000
26.244
2.158
0.000
0.000
0.000
2.441
13.074
0.060
0.000
0.058
0.014
2.932
13.106
13.409
12.174
6.034
0.000
12.015
5.977
0.218
0.000
0.000
0.000
2.177
10.600
9.160
4.702
0.000
10.111
0.671
0.127
0.021
0.000
0.348
6.430
0.000
0.791
3.398
5.062
0.000
0.000
0.125
8.964
22.676
0.000
0.000
0.591
2.578
0.566
0.000
1.531
15.271
0.017
0.000
0.000
0.000
1.662
3.771
0.608
0.000
0.000
8.284
0.900
11.433
17.491
22.381
3.361
0.014
7.546
3.622
2.118
12.514
0.000
0.000
0.000
0.000
0.106
4.034
0.800
0.000
0.000
0.000
1.157
0.000
0.000
0.707
15.746
9.266
0.000
2.058
4.182
0.000
17.774
6.062
1.265
0.000
0.000
0.000
0.000
0.000
0.000
0.000
0.000
4.163
11.206
0.007
0.261
0.038
0.000
0.000
0.034
0.000
2.601
7.793
27.972
0.676
0.000
0.017
11.443
0.875
0.000
2.245
0.275
0.062
0.271
0.000
0.000
6.279
12.294
0.343
1.802
26.240
0.082
0.000
0.000
0.000
0.000
0.000
0.000
0.000
0.000
0.000
0.000
0.000
0.863
0.000
0.000
0.812
5.205
5.469
1.723
1.449
39.201
0.000
0.000
4.753
0.000
0.697
0.984
15.450
2.745
0.000
0.000
0.000
1.212
22.706
3.004
0.000
0.000
0.021
0.912
3.708
0.506
0.264
0.024
0.055
3.779
16.576
1.122
0.074
0.082
0.000
0.000
0.000
0.000
0.000
4.520
0.532
0.003
0.000
0.062
0.017
0.000
0.007
22.951
3.948
0.000
0.072
4.661
0.366
0.000
0.000
0.000
3.775
3.823
0.017
0.560
0.000
0.000
0.000
0.046
0.034
0.000
0.000
0.000
0.142
28.516
0.215
14.466
3.639
0.371
25.408
0.191
3.955
0.249
0.070
0.072
0.000
0.000
0.000
0.000
1.242
2.111
16.340
0.209
0.000
0.000
0.096
2.470
0.309
20.486
23.093
0.597
0.079
13.348
0.367
0.000
0.551
32.062
2.944
0.245
0.000
15.889
4.764
0.038
0.686
1.863
0.000
0.062
5.630
84.725
4.976
0.807
2.519
7.920
0.175
0.039
9.218
2.044
0.000
0.118
0.000
8.039
28.925
0.261
0.103
4.391
0.051
1.167
30.515
0.446
0.000
0.000
0.206
19.024
0.057
4.108
5.148
0.034
0.000
0.460
0.312
24.875
12.854
0.048
0.000
0.491
0.000
0.218
0.069
6.341
16.390
10.195
24.132
3.350
5.656
0.227
0.007
5.255
0.000
0.000
0.000
0.000
0.774
0.000
0.161
16.607
0.021
0.010
33.680
0.690
0.000
0.000
11.494
11.522
4.913
0.096
0.000
0.000
4.407
0.333
0.793
2.834
1.360
1.380
0.879
0.014
12.164
0.491
0.003
0.000
0.000
5.531
0.975
0.000
0.659
5.716
1.936
3.159
22.982
5.775
0.089
3.547
9.548
0.381
5.754
8.223
0.312
0.529
0.007
0.000
0.158
36.100
1.090
0.000
0.958
0.000
0.027
18.831
0.223
0.783
1.291
23.507
1.923
0.721
1.404
5.902
12.866
8.518
0.000
3.222
3.025
7.069
0.072
0.000
0.627
1.715
5.229
4.752
2.874
0.000
7.383
1.222
0.467
0.000
6.250
1.348
0.000
21.816
0.041
0.024
0.000
0.000
3.522
5.162
5.170
0.271
0.137
0.000
0.000
1.682
0.913
0.000
0.800
0.206
3.547
6.640
0.189
0.000
0.000
0.000
4.037
20.023
10.471
0.000
0.182
0.051
0.371
0.000
2.977
2.204
8.556
5.957
0.807
1.497
0.000
1.940
4.535
2.353
0.000
0.034
0.082
0.000
1.799
1.813
0.151
14.408
15.748
1.588
0.000
0.051
0.000
0.017
16.037
0.014
0.000
0.156
0.000
0.000
0.000
0.000
0.000
0.000
67.398
33.931
1.538
1.753
0.000
9.072
0.470
0.000
11.373
11.798
0.000
0.000
0.000
4.383
0.000
0.000
0.000
0.000
0.000
0.000
0.000
0.000
0.376
1.976
0.084
0.324
0.000
0.000
0.000
0.000
0.000
0.000
0.000
0.000
0.450
4.782
6.901
0.000
0.000
14.902
0.510
0.388
0.230
6.566
1.210
0.000
0.000
0.160
0.000
0.000
0.000
0.000
0.000
0.017
0.000
0.216
0.000
0.000
0.000
0.000
0.000
0.000
0.000
0.000
0.000
0.331
0.048
0.000
0.017
12.487
5.172
0.000
0.000
0.000
0.000
0.007
0.299
10.938
0.000
0.000
2.791
3.258
1.471
12.239
0.000
12.670
1.608
0.227
0.000
0.142
2.014
0.000
2.118
0.000
0.000
0.000
0.000
0.173
0.000
0.000
0.000
0.000
0.151
0.000
0.000
2.599
0.000
0.000
0.141
16.550
0.060
3.140
29.263
2.106
0.000
0.755
0.330
2.283
1.105
10.969
19.530
7.891
13.328
0.069
8.121
1.670
0.967
0.000
0.000
5.119
18.999
0.604
0.000
0.000
0.000
0.288
11.403
7.488
0.000
0.000
0.000
0.615
22.069
0.000
0.000
6.667
0.000
0.000
0.591
0.024
0.539
29.488
0.089
0.000
0.031
0.000
0.148
0.000
0.027
1.828
3.378
0.079
2.743
0.000
0.000
0.058
0.233
0.000
0.000
0.000
10.063
0.838
0.000
0.000
0.000
0.000
11.333
2.498
0.343
0.148
0.007
0.014
0.120
0.282
0.024
0.024
13.702
0.745
0.000
3.998
0.130
0.000
0.539
0.137
0.000
1.477
0.615
0.110
0.000
0.045
9.138
3.766
0.007
0.000
0.000
0.000
0.000
6.521
1.389
0.000
0.000
10.005
19.266
10.198
0.021
0.000
0.000
0.000
26.065
0.687
0.076
2.517
0.591
0.041
0.958
0.316
0.216
0.285
16.344
0.515
0.000
0.000
7.206
1.548
0.000
0.000
0.000
0.038
0.000
0.000
0.137
1.023
0.000
1.645
11.333
20.757
26.558
6.975
14.511
7.635
0.556
0.000
0.203
1.488
2.071
0.054
0.000
0.000
0.000
6.755
10.037
9.712
10.147
0.309
1.056
0.031
2.324
0.072
0.000
0.533
12.722
6.847
0.000
0.580
0.072
0.000
0.000
0.000
0.000
0.000
0.000
1.442
0.000
0.000
0.000
0.000
0.000
0.000
0.010
0.310
0.332
0.436
0.000
23.294
15.273
17.947
0.058
2.929
11.393
1.487
1.191
0.122
0.007
6.997
16.867
12.236
3.456
1.966
5.085
4.614
0.247
2.661
0.010
0.000
0.000
0.000
0.158
0.000
0.034
4.123
12.394
8.978
13.012
0.206
0.000
0.000
0.000
0.000
0.000
9.452
0.014
0.000
0.014
0.069
0.000
0.000
0.000
0.000
0.000
0.000
0.000
0.000
0.000
7.263
0.000
0.000
0.003
0.563
19.054
0.000
2.503
0.213
1.023
0.508
0.021
0.021
0.000
0.000
0.000
0.972
0.484
0.000
0.000
0.014
15.851
20.369
6.969
0.000
4.408
22.800
0.000
2.814
0.357
1.037
59.015
10.451
22.493
24.093
0.199
10.853
2.480
0.000
0.000
0.494
13.256
144.099
170.005
0.000
0.000
0.000
0.503
15.818
0.674
0.000
0.000
0.000
1.451
48.202
18.553
5.658
8.058
0.000
0.000
0.348
10.673
0.735
0.000
0.000
0.000
0.000
0.297
2.531
0.566
2.881
0.421
0.017
0.333
41.435
5.402
0.000
10.543
1.782
0.000
0.000
0.000
0.000
0.000
0.000
0.000
0.000
0.139
0.000
0.000
7.747
0.165
0.000
0.000
0.000
0.000
0.000
0.000
0.000
0.229
0.425
0.000
0.000
0.000
0.000
0.000
0.000
0.000
2.956
0.990
1.869
0.831
0.488
0.239
10.602
3.244
0.000
0.000
0.000
0.000
0.000
0.000
0.000
2.853
16.325
0.137
0.000
0.000
3.500
0.000
0.010
1.284
9.647
0.000
0.041
0.000
0.000
12.864
3.153
1.061
6.695
0.000
0.072
0.000
0.000
0.000
0.000
0.000
0.000
0.000
0.000
0.436
0.000
6.369
2.156
0.316
8.621
0.000
5.788
22.079
0.000
0.000
0.000
0.000
0.000
0.007
0.007
7.426
0.000
8.005
0.000
0.089
21.566
13.692
22.017
0.014
0.045
0.000
0.463
36.234
0.882
0.041
0.000
0.000
1.658
0.560
0.000
0.000
0.051
1.138
0.000
0.592
17.226
2.156
7.169
0.482
0.000
0.000
3.859
1.941
0.347
0.000
0.000
0.000
0.000
0.707
0.000
1.571
3.416
0.000
0.000
0.010
0.000
2.547
0.302
0.000
0.000
0.000
0.000
0.000
5.146
16.857
0.000
0.000
0.000
8.726
7.301
0.000
0.901
12.373
8.966
1.222
0.862
0.000
0.003
5.112
3.303
2.297
0.000
7.851
0.021
0.000
0.000
0.000
1.389
0.000
0.000
0.000
9.656
2.164
0.000
0.000
6.450
12.346
8.132
35.973
0.667
4.904
5.952
1.334
0.000
2.959
0.827
0.000
8.393
29.749
0.065
3.756
12.733
1.736
0.000
0.000
0.288
0.000
0.000
0.000
0.000
0.000
0.000
0.000
3.893
0.920
0.000
0.000
0.000
0.000
0.000
0.000
0.000
0.000
0.000
5.376
24.973
0.000
0.278
9.922
3.770
6.242
6.393
6.273
1.497
0.247
0.000
0.000
0.048
17.348
13.168
19.267
0.000
0.000
0.000
0.000
0.000
0.000
0.000
0.745
0.735
3.914
0.000
2.657
1.267
0.855
0.632
2.300
0.021
0.000
0.000
1.054
0.003
8.010
13.117
0.021
0.000
0.000
0.000
0.000
0.209
0.390
0.000
0.000
0.097
0.000
0.046
0.427
0.312
0.079
7.290
0.223
0.031
0.000
0.000
0.000
5.861
1.737
10.641
20.707
66.011
0.994
0.282
0.000
6.354
11.913
5.526
0.771
2.031
8.375
14.770
0.034
0.000
0.000
0.000
0.000
0.000
0.010
0.000
0.000
0.541
0.000
0.000
0.000
0.724
0.000
0.000
0.000
0.000
0.000
0.000
0.771
0.000
8.810
11.891
3.490
22.809
6.039
7.106
6.391
13.263
28.356
10.089
1.781
0.441
0.010
0.000
0.000
0.000
0.000
0.000
0.000
0.129
0.000
0.000
30.238
2.584
0.000
2.044
3.493
51.291
1.459
28.592
3.989
0.000
0.000
0.000
0.041
0.443
0.566
0.000
0.000
0.000
0.000
2.539
0.328
0.000
0.000
0.000
0.000
0.000
0.000
0.000
0.000
0.934
0.242
0.000
0.000
0.000
0.000
0.000
0.000
0.000
0.000
0.014
0.000
0.000
0.000
0.000
0.000
0.000
0.000
0.069
12.780
0.000
0.062
0.000
2.557
3.131
0.000
0.038
0.000
8.451
0.000
0.360
6.731
1.614
31.571
0.424
0.000
0.000
0.000
0.062
33.426
1.130
0.082
0.000
0.000
0.000
0.000
10.210
21.974
0.230
0.000
0.000
0.000
0.000
0.000
1.013
2.592
1.224
0.546
5.277
0.168
1.579
8.271
0.000
1.620
0.501
0.000
0.000
0.000
0.000
0.000
0.000
0.278
0.148
0.577
0.285
0.000
0.003
0.000
0.000
0.000
0.000
0.204
0.000
3.106
0.997
0.000
0.000
4.048
0.924
2.285
0.224
0.695
0.021
2.832
0.465
21.634
0.106
0.000
0.000
0.000
1.018
0.000
0.003
0.000
0.010
5.824
0.000
0.000
0.069
0.000
4.034
2.002
0.000
0.000
0.000
0.003
2.937
0.000
9.203
2.319
2.547
1.310
0.221
6.238
0.000
0.000
0.021
0.049
8.253
0.014
0.021
14.555
0.007
0.000
6.680
0.000
0.000
13.623
13.154
2.533
0.041
0.000
0.000
0.000
0.000
0.000
1.514
2.956
0.000
35.201
1.296
0.172
0.000
0.000
13.942
32.413
2.067
0.000
0.350
1.021
0.524
0.000
0.000
34.316
14.564
6.037
13.724
0.318
8.336
0.216
0.000
0.000
0.014
0.000
0.000
0.000
0.503
0.000
2.915
0.000
2.641
0.238
10.768
0.000
0.000
0.000
0.000
0.000
0.000
2.465
16.078
0.039
0.000
0.165
0.000
0.000
0.000
0.000
0.000
0.000
0.000
6.599
0.000
0.000
0.077
0.000
0.000
2.264
0.934
0.000
1.044
12.867
9.139
2.929
0.000
5.067
25.801
4.849
0.231
0.010
0.400
16.117
0.875
18.205
27.085
0.000
0.003
20.280
11.079
0.000
0.141
0.060
0.616
0.889
9.469
0.235
0.000
0.100
0.000
16.921
20.743
13.999
8.053
0.000
0.000
0.000
0.000
0.000
3.416
13.608
10.579
1.826
7.769
0.003
0.000
0.000
0.551
2.735
3.876
0.613
0.930
0.048
0.000
0.000
4.824
0.000
0.000
0.000
0.000
0.206
0.000
0.000
0.000
0.000
0.048
3.341
0.336
0.007
0.000
13.372
3.639
0.000
2.173
16.061
1.102
21.356
5.294
0.000
0.000
0.000
0.000
0.000
0.000
0.000
0.000
0.000
0.017
0.000
3.119
6.092
22.067
14.150
0.000
0.000
0.000
3.239
14.382
5.648
0.566
0.000
0.000
3.650
0.007
0.000
0.000
0.645
2.958
0.024
0.078
0.290
0.153
1.020
6.108
0.286
0.000
0.000
0.000
24.972
9.017
1.027
0.000
0.000
0.000
0.000
0.065
0.000
0.000
0.000
2.462
1.349
0.070
1.037
14.248
7.808
0.000
0.000
0.000
0.000
0.000
0.000
0.000
0.000
0.000
0.000
16.775
0.216
0.000
0.000
0.000
0.000
0.000
0.000
7.862
1.792
0.000
0.000
0.000
0.038
1.642
0.000
0.000
0.000
0.000
0.000
0.000
0.000
0.000
0.000
0.000
0.000
0.000
0.000
0.000
0.000
0.000
0.000
0.000
0.000
0.000
0.000
0.000
0.000
0.000
0.000
0.000
0.000
0.007
0.014
0.024
1.584
0.000
0.000
0.127
29.543
2.767
0.592
0.069
0.000
0.000
0.106
0.345
0.014
0.000
0.000
0.000
0.000
0.000
0.000
0.024
5.236
12.315
1.313
1.099
0.431
0.034
0.000
0.242
5.249
0.000
0.000
0.000
0.000
3.722
2.312
0.034
0.027
0.000
0.000
0.041
0.010
0.000
0.021
8.439
24.196
3.351
0.112
17.992
0.354
0.000
0.000
0.000
0.338
10.288
7.852
6.640
2.352
0.000
0.038
0.536
24.566
6.309
2.809
0.031
38.792
1.042
12.306
0.000
0.000
0.676
0.000
0.000
0.200
1.145
0.331
0.800
0.905
0.000
4.705
25.861
2.676
0.000
5.946
1.193
0.000
0.000
0.000
2.288
0.786
0.000
0.000
0.000
0.232
4.961
0.000
1.195
0.000
0.000
0.000
0.814
0.000
0.000
38.497
30.451
6.080
0.000
0.000
0.000
0.000
0.146
0.354
0.093
4.889
3.931
0.385
0.194
8.267
7.197
0.800
0.072
9.045
15.685
0.007
0.000
0.000
0.045
2.086
14.493
0.021
0.038
15.613
40.001
13.942
0.000
13.613
6.317
0.000
0.000
0.000
0.021
0.021
6.928
0.158
0.718
1.459
5.191
13.012
0.010
0.779
0.120
0.254
0.027
0.021
0.000
0.000
0.120
20.496
0.000
2.108
0.539
0.227
0.000
3.097
0.367
3.780
50.863
2.317
0.000
0.000
1.243
0.275
0.000
0.113
0.000
7.769
4.700
0.000
0.000
0.000
10.437
0.000
0.000
0.000
0.000
0.000
0.000
0.000
0.000
0.000
0.000
0.486
4.769
0.000
0.158
0.021
0.038
0.360
0.134
3.334
1.047
0.254
0.000
0.000
0.000
0.000
0.000
21.962
5.394
0.000
0.000
0.312
0.920
0.000
0.027
2.829
3.104
0.000
0.000
0.563
3.358
2.613
0.374
0.000
0.000
0.000
0.000
0.000
0.901
0.000
0.000
0.000
0.070
8.777
11.515
0.093
0.177
11.800
29.636
0.000
0.000
0.045
0.172
0.000
0.863
2.362
0.505
10.916
9.315
1.600
0.000
0.000
0.000
0.000
0.000
0.000
0.000
0.000
0.000
0.000
0.034
0.000
0.000
0.000
0.000
0.000
0.000
0.000
0.000
19.497
0.017
0.209
0.096
0.051
0.027
0.000
0.000
0.000
0.409
0.113
10.827
17.877
29.297
21.289
6.753
10.713
3.756
0.199
0.000
0.000
0.000
0.000
0.000
0.000
1.526
2.822
0.000
0.000
0.000
18.634
2.836
33.829
0.000
0.000
0.000
0.000
0.000
3.318
0.930
0.194
1.411
6.230
0.956
1.052
0.342
0.228
0.000
0.000
0.000
0.000
0.010
0.000
0.115
0.142
0.561
0.902
51.969
1.711
2.462
8.144
21.229
3.910
0.045
0.000
0.000
0.038
6.267
0.781
0.010
0.831
1.196
0.973
0.076
5.478
8.775
4.611
0.086
0.000
0.000
0.000
0.525
2.668
10.131
0.000
0.000
0.000
0.058
18.107
27.289
21.849
0.000
0.244
8.617
12.696
0.120
0.000
0.000
0.822
1.092
0.000
0.000
0.000
0.330
0.170
0.000
0.000
0.000
0.000
0.034
0.010
4.889
14.507
0.172
0.000
0.000
0.069
11.464
8.209
0.007
24.542
0.142
0.000
0.000
0.000
0.000
3.272
11.155
0.000
0.000
0.000
19.942
4.511
0.000
0.000
0.000
0.000
0.000
0.374
29.057
1.318
4.856
0.031
0.000
0.436
0.051
0.000
0.086
1.390
0.000
0.000
0.161
0.010
0.000
3.025
2.733
0.000
0.000
0.000
3.262
0.041
4.583
0.000
0.000
0.055
0.000
0.000
1.329
16.273
3.220
0.525
0.031
0.000
3.941
0.000
8.013
9.620
0.000
0.000
5.064
0.000
0.007
0.000
0.230
7.393
24.328
6.575
0.316
0.000
1.301
1.885
5.833
4.384
0.000
0.179
5.922
17.152
1.325
0.992
8.339
0.062
0.379
3.203
21.935
11.484
0.055
0.000
0.000
1.828
0.278
0.185
0.893
2.709
22.079
1.229
2.699
5.579
37.048
19.024
0.003
0.065
0.233
0.000
0.845
0.951
0.853
2.266
16.251
0.077
0.000
0.000
0.000
0.000
5.689
0.000
20.984
17.451
33.589
17.427
4.604
0.254
0.000
0.000
0.000
0.000
0.014
4.048
0.927
0.000
2.791
4.460
0.000
0.000
25.948
15.216
1.257
0.000
5.486
2.499
0.007
14.785
2.590
2.078
0.863
10.166
0.278
0.184
0.177
0.251
0.000
0.000
0.000
0.000
0.175
0.149
0.554
17.666
9.513
0.137
1.547
19.551
61.271
1.018
11.855
8.190
11.046
0.508
1.255
0.196
18.400
0.374
0.000
0.488
16.497
0.137
0.000
14.988
33.062
1.332
5.291
0.292
1.160
6.300
2.235
14.705
6.920
8.432
6.794
17.012
4.161
0.110
0.014
0.000
0.000
0.000
0.000
0.000
10.459
2.273
1.360
3.461
28.341
4.747
0.069
0.000
5.618
7.088
0.000
1.933
0.000
0.462
2.381
20.392
13.197
0.280
0.395
1.226
12.591
3.226
0.000
0.115
1.859
39.393
6.633
0.165
8.738
0.000
0.070
7.551
9.615
4.347
1.902
11.082
15.492
7.030
0.851
14.632
47.301
11.652
11.992
6.774
4.020
6.245
5.315
3.701
0.000
0.772
2.094
3.220
0.395
0.000
0.000
1.130
1.294
0.000
0.000
0.000
0.000
0.000
0.038
0.000
8.535
0.007
9.105
5.900
9.459
0.038
0.000
0.369
0.055
0.568
1.581
0.151
2.625
3.553
0.360
0.000
0.000
0.651
114.560
2.123
0.000
0.335
0.730
11.652
0.000
0.000
0.000
0.505
0.604
0.000
0.000
0.000
0.000
0.000
0.000
0.000
0.000
1.085
5.268
7.337
9.771
2.352
0.034
0.000
3.238
0.460
0.000
0.058
0.137
0.000
0.000
0.000
0.000
0.000
0.000
2.177
4.381
11.493
32.839
62.385
0.000
0.000
0.000
0.000
0.115
0.972
2.474
0.655
0.941
0.082
0.014
0.000
0.045
0.000
0.048
0.000
0.233
0.000
0.010
0.419
49.778
0.024
0.000
0.000
0.000
0.276
0.309
1.267
0.000
1.612
0.165
0.000
0.000
0.000
0.000
11.573
2.915
0.621
0.000
0.000
0.000
16.756
2.154
0.000
0.165
36.493
0.137
0.027
2.882
0.000
2.410
0.477
0.000
0.000
4.563
5.822
0.360
0.000
0.000
0.000
0.144
5.550
0.000
0.000
0.000
0.000
0.024
5.584
5.697
0.000
0.000
7.345
0.261
0.000
0.000
0.000
0.000
0.000
0.000
0.034
4.995
0.915
0.000
0.000
0.000
0.000
0.000
9.860
22.683
8.420
0.014
0.000
0.096
0.000
0.000
0.000
9.150
0.000
0.065
6.463
4.336
0.000
1.272
0.525
0.031
26.666
0.055
10.729
7.869
15.800
10.482
0.306
0.000
0.000
1.202
0.000
0.446
2.757
0.038
9.438
14.806
0.000
0.000
0.204
0.216
0.379
0.017
0.000
0.412
1.645
0.786
0.671
0.863
0.000
0.000
0.000
0.000
11.266
10.159
0.809
2.378
0.227
0.000
5.699
0.010
0.000
0.000
0.000
0.000
2.450
1.713
0.611
1.880
5.315
3.322
2.406
0.230
0.003
0.000
0.000
0.000
0.000
0.000
4.645
22.846
14.662
5.634
5.279
0.587
0.000
0.000
0.000
0.000
0.000
0.000
0.000
0.000
0.130
1.241
16.156
7.392
0.000
0.000
0.000
21.550
8.290
32.880
0.000
0.000
0.000
0.000
0.000
0.669
0.000
0.000
0.501
0.161
0.000
0.000
0.069
0.000
0.728
0.000
5.368
0.000
1.277
5.672
2.592
0.000
0.124
0.055
0.000
0.000
1.081
0.893
0.000
0.000
0.000
22.096
1.099
1.147
4.887
2.378
0.295
1.020
0.561
0.185
0.000
0.021
0.196
7.999
3.426
0.000
0.530
0.429
0.000
6.503
0.014
2.220
6.636
8.729
0.000
8.030
0.385
2.760
7.374
0.165
2.822
6.384
0.427
0.000
0.000
0.000
0.000
3.655
0.917
1.555
0.172
0.058
0.027
0.000
0.203
9.594
0.604
0.038
0.000
0.003
16.155
0.194
2.783
1.143
4.488
9.970
19.318
5.313
16.788
9.839
26.319
18.014
0.055
16.945
11.577
0.000
0.000
0.000
0.000
0.000
18.396
127.598
108.077
52.762
0.687
0.000
0.978
0.000
0.000
8.798
0.311
0.000
0.000
0.000
0.321
3.389
1.519
10.341
14.524
0.105
2.012
0.000
0.024
0.549
0.082
21.099
10.623
18.881
9.311
0.041
0.017
0.000
0.000
4.231
1.432
0.179
21.953
9.719
0.510
0.332
0.000
0.000
0.000
0.000
1.282
0.124
14.911
6.825
0.024
0.000
0.024
5.431
2.352
2.470
0.000
0.000
0.000
0.000
0.000
0.000
0.000
0.000
27.595
1.334
12.277
0.000
0.000
0.010
1.066
1.672
1.016
0.833
0.024
4.201
0.243
0.041
0.135
0.010
0.195
0.373
0.000
0.000
0.000
5.948
3.380
0.197
0.000
0.000
0.000
0.000
0.000
0.544
15.909
2.563
0.000
0.000
0.000
0.000
0.000
0.000
1.943
0.137
0.014
12.408
0.570
12.653
0.000
2.585
19.252
0.000
0.000
3.866
0.000
0.000
0.000
0.000
2.300
0.546
0.388
0.554
30.837
1.770
0.000
0.000
0.149
0.091
0.000
0.000
0.797
0.467
4.293
0.000
0.093
7.594
1.099
0.017
28.576
0.000
0.000
0.000
0.000
0.000
0.000
0.000
0.000
0.003
0.058
0.007
0.007
0.333
0.330
0.302
0.048
0.292
0.192
43.729
0.000
4.707
0.000
0.000
0.082
0.336
2.439
7.069
1.751
0.000
0.000
0.405
0.786
0.000
0.601
13.767
0.633
0.113
0.000
6.767
0.522
0.000
0.000
0.058
0.000
2.125
1.150
0.000
0.000
0.014
9.191
0.041
1.006
0.206
0.000
0.000
0.134
1.226
0.275
0.573
17.224
0.268
0.000
2.417
28.722
0.244
0.000
0.000
0.000
4.841
0.034
0.000
9.956
0.000
0.055
2.458
0.474
0.573
3.492
0.086
15.230
10.973
1.071
1.718
12.459
0.000
1.686
36.911
0.910
1.075
0.807
1.610
45.348
1.027
0.000
0.498
1.971
39.183
0.055
0.000
0.000
0.000
1.964
35.005
0.881
0.000
0.000
3.485
8.897
2.266
0.000
0.000
0.000
0.000
0.000
0.000
0.000
0.048
2.606
0.000
0.000
4.844
1.869
0.000
0.321
0.599
9.069
0.172
0.039
0.000
9.199
47.234
1.025
0.295
0.000
0.000
2.713
0.338
0.886
11.654
9.793
10.665
0.594
0.000
2.221
8.129
0.745
0.014
1.873
2.407
0.868
0.000
0.000
0.000
0.000
5.129
0.743
8.712
14.531
14.079
2.884
3.243
6.872
2.143
7.354
15.257
0.182
0.000
0.330
6.763
0.874
0.000
0.000
0.338
0.000
0.000
0.448
0.000
0.000
0.000
0.000
0.285
2.571
9.653
10.299
27.051
0.232
0.379
14.493
3.663
0.010
13.015
0.000
0.000
7.581
0.000
0.000
0.215
0.000
4.261
8.312
7.507
3.347
8.849
11.802
0.000
0.000
0.542
0.165
0.000
0.000
0.000
0.000
0.000
4.789
12.861
11.711
16.794
0.494
0.000
0.000
0.556
0.079
0.000
0.762
0.142
7.117
7.574
0.014
0.000
0.000
0.000
0.000
0.000
0.014
0.000
5.953
0.000
1.456
0.257
9.150
0.220
0.000
0.000
0.319
2.918
5.030
0.778
0.000
0.000
0.000
0.000
0.000
0.000
0.000
0.000
0.031
0.000
0.000
0.112
2.561
8.211
23.708
5.553
0.108
0.000
0.378
0.141
1.593
0.000
0.000
0.000
3.526
0.671
2.216
2.019
0.000
0.589
0.451
0.021
0.000
0.048
0.762
1.226
11.240
46.561
32.739
4.865
2.287
1.619
1.353
0.501
0.599
0.051
0.000
0.000
0.000
0.000
0.000
0.000
2.235
0.000
35.888
0.821
0.000
0.000
2.323
0.000
0.000
0.000
0.000
0.000
0.000
0.000
0.000
0.000
0.000
0.000
0.000
4.788
0.000
0.000
0.000
0.000
3.083
0.978
3.983
0.000
0.000
1.737
57.242
2.129
0.336
0.192
0.000
0.000
0.836
6.479
11.649
2.215
0.553
0.110
0.268
10.882
23.943
1.566
0.000
0.659
19.418
0.165
0.041
0.350
0.172
0.000
31.342
1.188
1.614
13.232
0.000
0.000
0.000
0.000
0.000
0.007
6.544
0.124
0.000
0.007
10.828
0.000
0.470
0.000
10.358
1.875
0.120
0.793
4.944
0.062
0.000
0.450
1.439
0.240
0.144
0.120
11.618
0.302
0.000
2.039
8.284
0.000
0.000
5.445
4.650
14.523
7.969
0.000
0.000
0.000
0.000
1.454
1.281
17.616
0.000
1.977
13.392
2.977
0.097
0.227
5.131
0.000
0.063
0.000
10.822
1.182
0.003
0.000
0.000
0.000
0.000
4.080
0.007
0.416
0.757
8.334
8.942
0.000
0.554
5.616
0.000
0.000
2.026
0.158
0.027
0.000
0.000
1.924
0.192
0.000
0.000
3.227
2.908
0.851
0.021
6.073
0.000
0.000
0.000
0.000
0.000
9.239
27.353
0.206
0.000
5.558
0.958
0.000
0.000
0.000
0.000
0.000
0.000
0.348
0.000
14.220
0.889
0.000
0.000
0.000
32.286
7.258
0.000
0.000
0.000
0.000
0.000
0.024
0.048
2.951
0.093
0.000
0.000
0.000
10.967
0.826
0.000
0.007
3.905
21.926
0.000
0.000
0.000
0.051
0.000
0.000
0.000
15.436
6.913
21.077
13.055
0.482
0.007
10.767
0.233
0.000
4.549
7.760
0.506
0.000
1.668
0.644
1.555
1.296
0.000
0.000
0.000
0.000
5.109
2.978
0.000
0.010
0.000
3.708
0.154
5.332
17.084
0.000
8.171
5.648
0.000
0.371
0.014
0.573
1.789
62.694
19.351
36.557
0.007
0.000
0.000
0.000
0.000
0.027
0.572
0.000
0.000
14.900
14.643
29.227
11.129
2.166
1.184
0.003
0.000
0.000
0.000
0.000
0.007
1.723
0.000
0.000
0.000
0.000
0.000
0.949
0.884
1.047
0.045
0.094
0.000
0.000
2.856
0.651
0.000
4.601
12.996
1.052
21.020
0.038
4.486
1.159
0.875
0.282
0.000
0.000
0.000
1.559
0.572
0.010
0.000
2.259
14.207
4.308
1.957
0.124
1.868
0.000
0.000
0.010
0.000
0.014
4.654
0.000
7.850
6.594
0.788
4.839
0.000
0.000
0.000
0.245
0.000
2.529
12.370
31.116
78.969
0.179
0.000
2.350
28.419
11.687
0.000
0.034
0.000
0.000
0.080
0.000
6.224
11.086
1.752
0.755
0.259
0.000
5.524
0.616
0.000
0.000
0.007
4.468
3.576
0.000
0.000
0.323
4.559
0.000
0.000
0.000
0.000
0.000
0.000
7.476
7.016
2.812
1.682
0.221
0.003
0.010
0.000
0.000
0.000
0.000
7.321
5.400
0.575
2.262
0.000
1.823
0.273
0.000
0.000
0.000
12.479
19.300
0.000
0.000
0.000
0.000
0.048
0.000
0.000
0.000
0.000
53.594
2.312
0.668
0.000
0.000
19.097
0.903
0.093
0.000
17.538
0.024
0.312
0.027
1.013
40.256
91.289
1.442
0.072
0.000
0.000
0.034
0.488
0.257
1.013
0.724
0.010
4.669
1.981
0.000
0.000
0.000
0.000
0.000
0.000
0.000
0.000
0.165
0.360
0.604
0.007
0.000
0.000
0.024
0.000
0.000
13.448
10.379
0.048
27.284
2.496
0.206
0.000
0.000
0.000
0.378
6.408
0.000
0.000
0.360
1.682
11.426
1.940
3.910
0.752
0.000
0.000
0.000
0.000
0.000
0.000
4.201
0.000
6.708
1.099
0.000
7.546
21.023
0.316
0.000
0.089
0.000
0.000
7.280
0.206
0.000
0.014
26.505
4.232
0.103
0.000
0.000
0.000
0.295
0.000
0.000
0.000
0.000
0.000
5.224
5.831
0.000
0.000
0.000
0.007
0.000
0.000
3.874
0.918
0.000
0.000
9.994
1.765
0.103
0.000
1.377
13.462
0.000
0.000
0.000
0.000
0.014
0.010
0.000
0.220
0.333
0.141
0.031
0.000
1.466
25.584
0.211
0.000
0.000
0.000
0.259
2.672
0.000
0.021
0.003
0.000
0.937
2.034
3.921
0.000
0.000
0.148
2.407
0.003
1.163
0.000
0.003
1.674
0.000
0.000
0.000
8.050
2.969
0.000
0.000
49.100
3.254
0.010
0.027
0.017
0.000
0.000
0.000
0.000
0.000
0.000
0.324
17.167
1.039
0.000
0.000
0.000
0.000
0.779
5.881
4.243
21.595
0.199
3.268
7.744
6.564
0.082
23.741
7.529
0.000
0.000
0.000
4.964
2.230
0.240
0.000
0.000
0.158
0.000
0.000
0.000
0.000
0.000
0.000
0.000
0.000
0.000
0.000
3.591
60.955
0.769
0.230
0.000
0.000
0.000
2.850
2.328
0.007
0.007
4.477
0.951
0.525
9.404
0.481
0.000
0.024
6.101
0.000
0.089
0.027
0.148
2.554
1.044
0.735
2.510
11.750
12.051
0.096
0.000
0.000
0.000
0.000
0.000
0.000
0.000
0.608
4.556
0.232
0.000
0.000
0.000
0.000
0.007
10.428
4.455
0.000
0.053
0.010
0.062
0.000
0.000
0.000
0.000
0.000
4.774
3.124
8.716
5.862
0.000
0.000
0.000
0.000
0.000
3.613
0.000
1.011
0.683
0.134
0.069
0.000
0.000
0.000
0.000
0.106
4.449
0.017
0.051
0.000
0.972
0.275
0.170
0.000
0.436
0.027
5.376
0.853
0.172
0.000
0.103
0.000
0.000
0.000
0.000
0.000
0.000
0.000
0.000
8.195
0.000
0.000
1.162
0.017
4.805
20.438
0.000
0.014
0.029
1.435
11.582
10.740
0.000
0.000
0.000
0.000
0.000
1.638
0.000
0.000
0.000
0.000
0.227
0.517
0.106
0.714
8.552
1.346
0.000
0.000
0.045
0.000
0.000
0.000
0.000
0.000
0.000
0.000
2.465
19.830
0.347
0.000
0.000
0.220
39.032
14.808
20.452
17.798
0.000
0.000
0.000
0.000
0.000
0.154
0.014
0.000
0.000
0.266
0.000
0.000
0.000
0.017
0.000
0.000
0.000
0.000
13.932
0.000
0.000
0.000
0.168
0.000
0.000
10.238
2.362
0.000
1.651
3.965
7.809
0.000
1.049
0.000
0.000
3.650
2.499
0.000
0.223
0.045
0.346
0.288
0.000
0.000
0.000
0.000
0.774
0.220
7.167
22.543
0.000
0.000
0.034
0.000
7.649
0.673
1.095
0.094
0.000
26.412
0.089
0.500
10.794
23.890
2.197
0.000
0.000
0.000
0.000
0.000
0.000
0.000
0.000
0.592
0.566
8.779
1.092
3.440
0.141
0.000
0.000
13.563
0.172
17.786
1.140
0.000
0.263
13.362
0.257
0.000
0.443
0.045
0.000
0.000
2.822
0.325
22.047
0.000
0.000
2.534
0.835
0.320
1.805
0.000
0.097
0.000
0.000
1.321
34.492
1.135
0.000
0.000
1.607
30.634
0.000
0.000
0.536
14.451
3.682
1.290
0.109
2.543
0.436
0.000
0.000
0.165
0.000
0.153
6.410
8.362
0.000
15.357
14.729
0.000
0.000
0.003
0.017
0.000
0.000
25.727
7.705
0.000
0.021
3.325
6.748
0.000
1.188
0.537
0.003
0.000
0.000
0.000
0.961
5.474
4.091
15.113
4.600
1.502
3.119
2.015
55.956
2.532
0.620
1.118
0.664
0.211
0.007
6.770
0.309
1.589
0.151
0.000
0.000
0.000
0.000
17.482
2.891
6.139
6.939
0.000
0.000
2.668
40.439
20.659
1.933
0.000
0.000
0.000
0.000
0.388
12.427
0.357
0.000
0.299
4.316
0.103
8.765
1.940
0.000
0.000
2.499
4.080
0.014
6.228
2.005
1.895
0.422
0.000
0.000
2.196
0.000
0.000
0.000
19.827
0.055
0.014
1.739
2.832
1.854
0.000
0.388
0.127
0.000
0.000
0.000
0.000
0.000
0.000
0.010
0.000
0.089
0.024
0.000
0.000
0.000
0.000
0.628
10.955
0.209
9.397
0.137
0.000
0.000
0.000
0.000
0.275
5.926
0.051
0.000
0.000
0.000
12.412
30.963
1.929
2.012
8.272
0.302
2.891
0.000
0.000
7.486
0.393
0.000
0.000
0.000
8.015
4.166
0.000
0.024
10.595
3.196
0.000
0.000
0.582
1.627
1.020
1.052
0.220
6.346
0.000
0.000
0.000
0.000
0.051
0.215
0.000
0.175
5.634
5.475
0.000
11.812
0.220
1.106
0.355
0.415
0.000
0.000
0.114
0.031
0.000
0.000
0.309
0.000
15.812
34.195
18.428
2.742
8.820
0.000
0.000
0.000
0.000
0.000
8.494
30.623
0.422
0.000
9.167
19.638
12.827
1.401
0.000
0.021
7.007
1.178
0.120
0.000
0.000
0.345
0.065
0.096
0.203
0.117
22.151
25.509
1.130
0.724
0.117
8.466
8.952
0.000
0.000
0.000
0.000
0.000
0.000
0.048
1.315
2.352
1.130
0.000
0.000
0.000
0.000
0.000
4.307
12.993
0.331
0.000
0.000
0.000
0.130
2.268
8.042
0.000
5.327
0.000
0.000
0.000
0.000
0.000
0.003
5.347
22.478
2.671
0.027
0.000
0.048
0.000
0.000
0.000
0.000
35.505
61.237
10.061
0.786
0.000
0.764
0.000
0.000
1.188
0.000
0.000
0.108
7.248
0.000
0.000
0.000
6.166
16.184
0.357
1.672
0.000
0.000
1.047
1.792
0.611
0.000
0.285
4.233
34.461
6.046
0.000
0.223
0.494
0.275
1.044
4.463
0.608
1.487
7.296
0.000
0.000
0.752
3.777
3.653
1.377
0.508
18.491
0.000
0.000
0.000
3.773
0.038
0.194
1.517
20.936
0.488
1.794
0.000
0.062
6.121
0.834
12.727
0.000
0.000
0.000
0.000
11.810
3.419
14.591
0.000
0.000
0.000
0.699
0.463
0.072
2.704
15.450
3.071
0.000
0.000
0.000
0.566
4.407
4.158
0.000
0.000
0.000
0.000
0.000
0.062
0.106
0.017
0.000
0.000
0.000
0.000
0.000
5.411
1.837
0.000
0.000
0.965
0.000
0.000
0.000
0.000
0.443
25.828
27.086
4.113
0.000
0.000
0.000
0.000
0.153
0.000
0.000
0.055
6.911
1.693
6.921
4.168
17.077
10.773
3.540
0.082
2.249
5.366
0.000
0.000
0.000
0.000
0.474
4.841
17.738
17.271
2.197
0.000
0.000
3.107
5.591
2.692
0.000
0.000
7.069
0.278
0.007
4.782
0.000
7.151
0.000
0.532
5.898
8.652
0.141
0.000
0.000
1.075
18.107
0.954
2.132
0.000
0.000
0.000
0.000
0.000
0.000
0.003
0.512
1.631
4.491
2.863
11.457
52.431
13.424
15.450
0.295
0.007
0.000
4.978
0.000
0.000
7.962
17.437
18.443
19.363
10.176
0.000
0.003
0.017
0.110
0.652
4.638
2.285
3.365
3.581
14.675
6.448
0.752
0.000
0.053
0.000
0.072
1.245
24.160
1.435
2.709
6.216
9.925
2.266
6.176
5.763
8.640
3.991
1.349
35.785
2.674
9.538
0.010
0.000
0.000
2.228
1.112
0.000
0.000
3.927
0.000
0.000
0.000
0.000
0.000
0.256
0.000
0.000
9.979
29.577
3.135
0.000
0.000
0.000
0.000
0.079
54.932
0.000
0.000
0.007
5.423
1.071
0.117
3.189
0.062
9.014
0.213
7.879
1.116
0.000
8.920
2.201
9.314
5.131
0.209
13.102
18.188
8.956
0.661
0.512
13.051
0.000
0.000
0.000
0.000
0.000
13.127
14.674
9.723
2.228
0.141
0.707
0.000
0.000
0.000
9.702
10.313
5.761
0.316
0.024
0.000
0.573
6.580
6.722
2.214
2.185
0.106
0.000
0.003
0.000
0.000
0.010
64.727
26.697
0.072
0.501
0.000
0.000
0.000
0.000
0.000
0.065
0.673
1.607
0.000
0.000
0.357
9.380
17.309
0.000
4.621
6.190
7.368
1.806
0.343
0.000
0.000
0.096
0.000
0.000
8.020
1.893
0.566
0.000
0.000
1.461
0.227
7.725
0.106
5.771
4.626
1.021
0.000
0.141
0.000
0.000
0.000
0.000
0.000
0.137
0.051
2.499
1.669
7.096
0.120
1.260
1.806
3.727
3.026
0.348
0.000
0.007
0.000
0.000
0.000
0.124
9.426
62.234
62.878
7.726
1.420
0.137
0.000
0.290
2.666
12.469
1.468
0.000
0.621
18.409
0.627
0.525
0.421
2.609
0.000
0.000
9.074
2.302
14.739
6.358
0.354
19.271
0.007
1.040
2.287
12.028
0.007
0.000
0.048
11.927
0.738
3.701
0.007
0.000
4.590
13.311
0.031
0.000
0.000
0.000
0.000
27.960
2.213
0.003
0.625
0.000
0.003
30.082
4.831
0.000
0.000
0.000
0.000
0.000
0.398
3.759
0.000
0.000
0.000
0.000
0.000
0.000
0.000
0.275
23.231
0.285
0.000
0.010
8.473
7.682
0.079
1.044
22.965
0.000
0.000
0.000
0.851
24.347
0.335
0.000
10.628
1.768
0.079
31.357
6.079
0.058
0.000
7.057
1.055
0.000
1.167
6.734
0.000
1.439
0.000
0.000
0.000
0.000
0.000
0.000
5.703
0.506
6.370
2.105
0.000
0.000
0.000
0.000
12.008
8.504
0.230
0.000
0.000
0.000
0.000
0.000
0.786
7.608
6.966
2.637
1.490
1.239
0.591
0.000
0.295
0.000
0.000
0.227
8.968
0.014
0.000
0.000
3.684
0.100
1.995
28.190
0.120
0.000
0.000
0.000
0.000
0.314
0.000
0.137
0.000
0.027
10.289
0.000
0.000
0.000
0.000
0.540
0.000
0.000
5.562
0.000
0.000
0.000
9.469
0.079
0.287
5.279
3.672
7.524
0.769
0.247
0.000
0.000
4.700
0.175
10.059
13.304
0.000
0.014
0.000
3.818
0.000
0.000
0.027
0.182
1.200
0.038
0.000
6.832
29.641
10.598
1.459
0.103
0.000
6.012
20.634
27.971
0.585
0.076
0.357
8.731
10.554
0.000
0.000
10.298
11.798
0.191
6.374
6.831
8.992
3.682
0.000
0.024
1.856
0.000
0.209
3.521
0.000
0.031
11.548
0.170
0.000
2.192
0.000
0.000
0.000
0.000
0.000
2.146
0.927
0.000
0.000
0.000
10.816
1.303
0.000
0.000
0.000
0.000
0.000
0.000
1.389
0.043
9.271
0.058
0.079
3.890
4.535
2.814
0.003
0.421
6.748
1.202
1.064
0.096
0.000
1.461
0.000
0.000
0.077
0.187
0.007
1.274
0.000
0.857
3.406
0.041
0.786
0.014
5.340
0.280
0.000
0.615
0.003
0.000
0.021
3.286
3.104
0.000
0.000
0.000
0.000
9.057
9.369
3.876
0.000
7.841
0.446
2.853
0.275
0.000
1.833
1.064
0.000
0.000
0.000
0.000
3.165
4.539
0.000
0.000
0.000
0.000
0.000
0.000
0.000
1.614
7.048
0.000
0.000
0.000
0.000
0.000
0.000
0.000
0.000
0.000
0.000
0.000
0.000
0.000
9.455
24.166
10.509
68.450
96.570
2.901
0.024
16.926
1.217
0.000
0.000
0.000
0.000
0.000
0.000
0.000
0.000
0.021
3.449
0.000
0.000
0.000
0.000
0.000
0.625
0.024
0.000
0.000
0.000
3.644
8.968
5.411
11.160
0.007
0.000
0.000
0.000
0.000
4.075
24.661
1.500
0.203
0.000
0.000
0.000
0.120
0.000
0.000
0.000
0.000
0.000
0.086
1.167
0.000
0.000
0.000
0.000
0.000
0.893
0.069
0.055
2.098
0.302
0.000
0.000
0.484
12.531
0.000
0.000
3.883
1.507
0.000
0.000
0.000
0.000
0.000
8.037
8.679
0.889
0.000
0.000
7.381
2.290
3.948
0.642
0.000
0.000
0.103
0.000
0.000
0.515
21.259
0.079
0.000
0.000
0.041
0.000
0.772
3.625
0.000
0.000
0.003
2.481
5.694
1.861
0.000
2.438
6.796
0.055
0.000
0.000
0.000
0.000
4.755
8.801
1.665
0.000
0.560
0.000
0.000
0.000
6.286
5.828
0.010
0.000
0.000
0.000
1.533
0.501
4.539
0.232
17.818
19.391
0.000
3.766
0.795
1.802
2.865
0.002
0.000
0.000
0.000
0.000
0.000
0.268
0.113
0.000
0.000
0.051
1.658
0.000
0.058
3.814
0.003
0.000
3.409
5.296
0.000
0.000
0.000
1.730
15.444
0.000
0.000
0.069
13.398
0.024
0.002
0.002
0.000
0.999
2.932
0.000
0.000
0.000
0.000
0.137
0.000
0.141
4.465
2.072
18.945
8.348
4.601
0.000
6.357
16.758
0.582
0.017
0.000
0.000
18.333
0.000
0.000
5.304
30.863
14.143
0.297
0.045
0.002
0.000
0.000
12.724
0.000
0.000
0.000
0.000
0.748
2.173
0.632
0.003
0.397
9.644
17.757
11.361
0.000
0.000
0.000
0.000
0.000
6.154
0.000
3.107
0.007
0.450
0.000
1.871
1.260
4.913
10.344
9.671
2.204
0.117
3.085
0.776
0.000
0.093
0.000
0.611
3.897
0.000
2.403
0.000
0.000
12.880
0.156
0.009
0.000
0.000
0.000
0.000
0.000
0.223
0.000
0.002
0.045
0.003
0.106
0.000
1.339
0.257
0.000
0.000
0.573
0.125
0.000
0.333
0.467
0.829
0.000
0.439
0.058
0.000
0.872
8.875
3.172
2.946
0.000
0.110
0.000
0.053
2.252
0.745
7.423
3.284
17.348
1.785
0.000
0.000
0.445
0.215
0.120
0.000
0.002
0.000
0.000
0.000
0.161
0.762
0.000
0.003
0.014
2.575
10.585
0.282
0.000
0.000
0.000
1.638
0.017
0.000
0.000
0.003
0.014
24.984
2.060
0.714
0.000
0.000
0.000
37.683
47.548
5.740
1.085
0.000
0.000
0.003
0.000
0.000
0.000
0.000
0.000
0.000
0.055
11.882
30.125
0.000
3.505
3.006
0.000
0.000
0.051
0.000
0.003
8.109
17.430
12.797
0.024
0.000
0.002
0.000
0.041
0.000
0.000
0.587
2.208
8.487
0.271
0.058
0.484
1.243
7.268
62.440
1.191
0.299
0.340
3.220
5.792
0.599
0.172
0.026
0.000
0.002
0.000
0.000
0.000
0.000
0.000
0.000
0.000
13.572
11.882
2.666
0.757
0.000
0.002
0.000
5.637
26.937
0.120
0.000
0.000
0.000
0.000
0.000
0.000
0.000
0.591
4.465
0.000
21.928
4.796
0.002
0.000
15.127
0.170
0.000
0.000
0.000
0.031
0.460
0.079
0.000
0.000
0.000
0.000
3.428
15.637
0.000
0.021
0.033
0.764
0.632
4.690
0.000
0.000
0.002
0.106
1.655
32.530
0.027
0.000
0.000
0.000
0.000
2.345
0.608
2.486
0.373
0.015
0.002
0.000
1.900
0.000
0.000
0.000
1.006
1.336
0.000
0.000
0.000
3.059
1.384
0.834
0.141
0.000
0.000
15.506
0.000
0.000
0.000
0.182
2.935
1.191
0.165
0.000
0.000
0.000
0.000
0.288
3.828
0.089
27.723
1.370
0.027
0.000
0.060
0.000
0.015
2.824
0.038
0.601
15.087
1.118
0.137
0.319
0.000
0.014
16.974
0.003
0.000
0.000
0.000
0.024
2.867
0.000
1.777
22.103
0.786
0.275
2.015
0.000
0.769
1.045
0.000
0.000
0.137
0.086
8.188
0.247
0.000
37.817
1.366
0.297
0.154
0.542
8.188
0.213
0.000
1.768
0.024
0.958
1.150
3.595
7.759
23.586
0.692
0.000
0.015
0.000
7.900
0.000
0.000
0.003
0.711
0.038
0.000
0.695
2.510
4.827
1.061
2.568
5.778
3.421
5.447
27.167
8.350
8.350
0.000
0.000
4.137
3.763
15.968
1.318
1.952
0.014
0.354
9.208
3.131
0.000
0.000
0.000
0.010
0.007
0.000
0.000
0.000
0.024
0.000
2.156
5.380
5.577
0.003
2.367
43.193
0.793
0.000
0.024
1.833
0.848
1.902
0.000
0.017
0.000
0.917
0.007
0.000
9.634
6.523
0.003
0.000
52.202
2.443
0.000
0.000
0.805
8.626
15.765
15.261
1.444
0.936
0.000
5.507
13.204
1.480
2.208
4.302
2.407
0.003
12.535
13.278
12.003
36.667
0.000
22.975
7.883
0.000
0.179
4.604
0.003
0.000
0.000
0.000
0.000
18.450
12.815
0.076
0.542
0.000
0.000
0.000
0.515
0.484
0.000
0.062
0.306
3.965
0.010
6.156
1.772
0.000
0.000
0.000
0.000
0.000
0.000
0.003
0.000
0.000
0.002
0.000
0.000
0.505
10.083
2.714
1.044
3.117
2.026
0.000
0.488
0.000
0.000
0.003
2.856
22.285
5.775
2.863
0.371
0.000
0.000
0.000
0.330
0.354
0.137
0.058
3.543
0.529
0.463
0.742
11.611
11.831
2.304
1.840
0.000
5.428
15.154
2.590
0.060
0.000
0.244
0.036
0.000
0.000
17.582
4.346
1.109
5.095
0.254
4.130
12.167
0.422
14.708
4.067
0.112
0.000
0.014
0.000
7.062
3.409
1.174
0.000
1.662
0.268
3.334
1.390
0.000
0.000
0.000
0.000
0.027
0.000
3.454
5.400
24.105
0.271
0.002
0.000
0.000
0.000
0.000
0.000
0.000
0.000
0.000
12.205
3.330
2.135
14.430
1.054
5.843
0.000
0.055
0.388
8.976
1.634
0.120
0.000
0.000
0.000
0.000
4.954
0.000
0.000
0.690
2.359
0.000
0.000
0.000
0.002
0.000
0.000
0.333
10.373
1.057
2.226
7.862
0.000
0.000
0.000
0.000
8.365
2.602
0.115
0.117
0.000
0.000
0.002
0.000
0.158
4.484
0.134
3.468
0.458
0.007
3.593
4.419
0.723
0.003
0.002
0.000
0.000
0.000
0.000
1.128
0.328
0.000
0.000
0.000
0.003
0.048
0.000
3.426
0.051
3.474
0.316
7.327
0.621
1.847
19.238
8.521
0.000
0.402
14.457
12.703
0.673
0.000
6.400
6.015
0.000
0.000
0.227
0.249
39.341
0.100
0.000
13.046
0.000
0.000
4.522
12.161
0.275
0.000
0.000
1.803
0.000
0.017
0.000
0.000
1.924
0.362
0.037
0.096
1.512
1.408
19.979
6.454
0.000
0.000
0.000
0.002
0.000
0.010
2.889
0.120
0.000
2.014
0.024
0.144
7.562
0.003
0.948
1.130
0.000
0.003
0.000
15.896
25.257
0.000
0.086
13.458
0.048
9.613
0.010
0.000
15.644
0.745
0.000
3.069
0.069
0.000
6.357
8.108
0.220
0.000
31.510
0.247
0.000
0.000
0.656
0.000
0.000
6.425
4.477
0.000
0.000
0.000
0.000
0.714
13.601
0.002
0.000
0.000
0.814
7.048
7.608
1.509
0.005
1.308
0.002
0.014
6.439
1.150
0.577
0.000
0.000
0.000
0.000
12.584
8.260
0.000
0.000
21.190
1.760
0.000
0.034
0.014
0.000
0.000
0.144
7.268
0.000
0.003
1.761
0.096
0.000
0.117
15.504
12.617
0.000
2.331
0.433
0.000
7.661
0.125
0.000
3.976
39.561
0.463
1.929
0.754
0.364
0.209
6.650
29.948
3.765
5.112
0.282
0.518
2.700
5.964
0.000
0.000
0.000
0.000
0.069
16.552
4.971
72.209
11.230
6.939
2.398
0.336
0.000
0.000
0.000
2.973
0.000
0.000
1.298
0.036
0.340
25.362
0.035
0.863
27.789
50.177
16.625
2.196
38.736
6.607
0.000
2.117
0.572
0.000
0.000
13.232
20.011
4.010
0.000
0.996
19.372
16.809
14.574
12.993
5.231
6.947
1.914
1.071
12.703
24.642
21.839
24.910
4.017
6.963
4.024
1.943
5.280
11.869
5.280
15.163
28.389
18.124
7.182
0.621
0.000
0.021
1.044
0.302
9.088
2.887
3.807
8.556
0.069
1.145
0.002
0.213
7.548
8.799
0.556
0.966
30.645
2.276
5.682
0.103
0.058
0.141
1.150
1.109
0.886
8.288
3.110
2.372
13.245
2.376
0.017
5.840
33.457
2.074
11.822
1.727
16.977
0.252
1.085
0.419
0.000
0.000
0.000
0.041
5.555
0.144
0.000
2.209
5.160
5.799
0.481
0.393
0.000
0.000
0.000
0.033
0.000
0.000
0.663
4.508
0.000
0.000
2.204
0.000
0.000
0.003
0.048
16.524
45.178
0.000
0.000
0.000
0.000
0.000
0.093
0.165
0.254
0.000
0.000
0.000
0.000
0.002
3.636
25.952
25.574
43.899
4.728
2.676
2.517
2.087
1.693
0.630
0.584
0.051
3.605
10.760
0.034
0.000
0.845
0.776
0.000
0.556
0.000
0.000
0.002
0.141
0.000
0.079
12.851
3.792
0.199
0.000
0.558
0.208
12.155
0.000
0.000
0.000
0.001
0.659
0.175
0.000
0.292
0.578
0.536
1.162
0.000
0.578
0.242
0.208
2.006
0.000
0.000
22.965
31.067
0.000
0.000
0.007
0.467
0.005
0.017
1.372
1.699
0.058
10.602
7.055
2.132
8.986
0.000
0.000
0.002
17.230
3.277
0.000
0.000
0.029
0.000
0.167
0.000
0.446
17.923
9.637
0.000
6.698
0.002
0.014
32.035
0.000
0.196
0.014
14.595
1.651
0.285
1.334
6.382
0.000
0.000
0.000
3.799
14.782
0.371
0.007
14.821
0.786
0.680
0.124
0.433
0.805
0.000
6.489
0.324
0.002
0.000
0.027
0.000
1.092
11.714
13.688
0.034
0.017
1.899
0.422
3.188
7.369
6.418
0.010
0.027
3.102
0.203
1.892
5.346
18.642
5.902
0.132
3.028
0.192
0.000
0.062
3.486
0.343
9.311
0.000
0.000
0.009
0.000
0.125
0.237
0.000
0.026
0.000
7.795
0.845
0.501
13.081
30.355
0.625
0.003
0.000
0.000
1.109
0.007
0.000
0.000
13.827
7.059
3.021
1.655
0.017
0.000
0.076
6.187
1.061
12.552
0.065
0.000
2.468
31.929
2.788
0.000
0.000
0.000
0.002
0.039
6.285
0.282
9.081
6.684
0.302
0.000
0.000
0.000
0.779
1.540
27.857
0.378
0.000
5.503
30.013
1.449
0.014
0.299
0.069
0.000
16.771
0.453
0.312
14.591
12.033
4.058
1.772
0.000
0.000
0.000
0.604
0.051
0.434
0.002
0.601
0.412
0.069
0.002
0.000
0.000
24.755
41.515
0.000
0.192
0.000
0.000
0.000
1.466
0.000
0.000
0.000
2.153
9.747
0.000
1.796
2.201
0.177
0.000
0.003
0.000
0.391
12.782
0.814
0.055
0.065
6.497
4.477
3.114
12.445
17.279
0.862
0.115
0.055
1.727
0.000
0.000
5.649
2.287
2.087
0.027
1.291
1.246
1.641
2.812
0.180
0.000
0.000
0.003
0.000
0.954
0.009
0.000
0.000
0.000
0.000
2.475
25.186
0.666
0.000
0.000
0.000
0.649
13.807
0.000
0.000
0.000
2.077
13.596
1.799
0.357
12.669
1.929
0.041
0.000
0.000
0.000
0.000
0.484
